
-2.2439945745278176e+00  7.0000013661690019e-01 -2.0000085692059028e-01  3.0000076959679245e-01 -2.9999994625964582e-01  4.0000051646099039e-01
-2.2439947525641379e+00  6.9999999999999996e-01 -2.0000000000000001e-01  2.9999999999999999e-01 -2.9999999999999999e-01  4.0000000000000008e-01
-2.4452486009517762e+00  6.7164141273131550e-01 -2.6862316540073133e-01  2.0603170105677111e+00 -9.3055439967821119e-01 -1.1618259564197300e+00
-2.4452497263566948e+00  6.7164070887329874e-01 -2.6862254665798024e-01  2.0603169220706055e+00 -9.3055420047146120e-01 -1.1618260044580515e+00
-2.2439945745278176e+00  7.0000013661690019e-01 -2.0000085692059028e-01  3.0000014664314917e-01 -3.0000063107845698e-01  4.0000160940934171e-01
-2.2439947525641379e+00  6.9999999999999996e-01 -2.0000000000000001e-01  3.0000000000000004e-01 -2.9999999999999993e-01  4.0000000000000013e-01
-1.9964921444951824e+00  6.2089101222898391e-01 -7.9400822268051979e-02 -8.4993054085527431e-01 -1.1251340229606668e+00  1.3787729253116108e+00
-1.9964914123009780e+00  6.2089051738836865e-01 -7.9399966923692541e-02 -8.4993068150169093e-01 -1.1251347146652630e+00  1.3787726067652351e+00
-2.2439939223243006e+00  7.0000013661690019e-01 -2.0000027259261741e-01  3.0000014664314917e-01 -3.0000063107845698e-01  4.0000160940934171e-01
-2.2439947525641379e+00  6.9999999999999996e-01 -2.0000000000000001e-01  3.0000000000000004e-01 -3.0000000000000004e-01  4.0000000000000002e-01
-2.0552504637674103e+00  6.9168843357940668e-01 -2.9580785568344736e-01 -2.2987238616443189e+00 -7.3064962531987054e-01  2.8594512619519068e+00
-2.0552504265663236e+00  6.9168801644331845e-01 -2.9580744608489090e-01 -2.2987239426500468e+00 -7.3064956115046154e-01  2.8594502962025481e+00
-2.2439942484260591e+00  7.0000013661690019e-01 -1.9999998042863096e-01  3.0000014664314917e-01 -2.9999857662202345e-01  4.0000051646099039e-01
-2.2439947525641379e+00  6.9999999999999996e-01 -2.0000000000000001e-01  2.9999999999999982e-01 -2.9999999999999999e-01  3.9999999999999991e-01
-2.4232579288603437e+00  6.0464429206479864e-01 -5.0698632239743177e-02  7.5080491123809756e-01 -1.2210230377235867e+00  3.6963513241627881e-02
-2.4232584396455175e+00  6.0464356292454335e-01 -5.0698156675239830e-02  7.5080489573823850e-01 -1.2210238150911212e+00  3.6963085630439166e-02
-2.2439949006295765e+00  7.0000013661690019e-01 -2.0000027259261741e-01  3.0000014664314917e-01 -2.9999994625964582e-01  4.0000160940934171e-01
-2.2439947525641379e+00  6.9999999999999996e-01 -2.0000000000000001e-01  2.9999999999999999e-01 -3.0000000000000004e-01  4.0000000000000002e-01
-2.2439945745278176e+00  7.0000013661690019e-01 -2.0000027259261741e-01  3.0000014664314917e-01 -2.9999994625964582e-01  7.0000063056964534e-01
-2.2439947525641379e+00  6.9999999999999996e-01 -2.0000000000000001e-01  2.9999999999999999e-01 -3.0000000000000004e-01  6.9999999999999973e-01
-2.2439945745278176e+00  7.0000013661690019e-01 -2.0000085692059028e-01  3.0000014664314917e-01 -3.0000063107845698e-01 -9.9998216455632796e-02
-2.2439947525641379e+00  6.9999999999999996e-01 -2.0000000000000001e-01  2.9999999999999999e-01 -3.0000000000000004e-01 -1.0000000000000031e-01
-1.9439949789881439e+00  7.0000013661690019e-01 -2.0000173341254962e-01  3.0000014664314917e-01 -2.9999926144083461e-01 -9.9998216455632796e-02
-1.9439947525641381e+00  6.9999999999999996e-01 -2.0000000000000001e-01  2.9999999999999999e-01 -3.0000000000000004e-01 -1.0000000000000031e-01
-1.6439953834484700e+00  7.0000013661690019e-01 -2.0000027259261741e-01  3.0000014664314917e-01 -2.9999994625964582e-01 -9.9998216455632796e-02
-1.6439947525641383e+00  6.9999999999999996e-01 -2.0000000000000001e-01  2.9999999999999999e-01 -3.0000000000000004e-01 -1.0000000000000031e-01
-1.3439954618070373e+00  7.0000013661690019e-01 -2.0000056475660383e-01  3.0000014664314917e-01 -2.9999994625964582e-01 -1.0000040235233543e-01
-1.3439947525641385e+00  6.9999999999999996e-01 -2.0000000000000001e-01  2.9999999999999999e-01 -3.0000000000000004e-01 -1.0000000000000031e-01
-1.0439952140638462e+00  7.0000013661690019e-01 -2.0000056475660383e-01  3.0000014664314917e-01 -2.9999994625964582e-01 -9.9998216455632796e-02
-1.0439947525641387e+00  6.9999999999999996e-01 -2.0000000000000001e-01  2.9999999999999999e-01 -3.0000000000000004e-01 -1.0000000000000031e-01