
-----------------------------Sat May 29 15:29:01 2021
-----------------------------

-----------------------------Sat May 29 15:30:37 2021
-----------------------------

-----------------------------Sat May 29 15:32:20 2021
-----------------------------

-----------------------------Sat May 29 15:33:26 2021
-----------------------------

-----------------------------Sat May 29 22:47:43 2021
-----------------------------
P_pos_encoder:
 5.9519766878566882e-01  7.0000013661690019e-01 -3.0000479134872277e-01 -7.0004353361994509e-01 -3.0006637368433220e-01 -6.9996019148064648e-01
P_pos_ideal:
 5.2359877559829893e-01 -1.7453292519943220e-01  5.2359877559829804e-01  3.4906585039886506e-01  8.7266462599716377e-01  3.4906585039886495e-01
1 pos_encoder:
 5.2359583175083924e-01 -1.7453345728743647e-01  5.2360198047051754e-01  3.4907643465637928e-01  8.7268857976950309e-01  3.4908988930817347e-01
1pos_ideal:
 5.4430607180840107e-01 -1.6270018450794596e-01  5.0584966456106839e-01  3.3131673936163542e-01  8.5787370013280606e-01  3.4314948005312240e-01
2 pos_encoder:
 5.4430785884678712e-01 -1.6269781474917483e-01  5.0584483770239308e-01  3.3130169835425322e-01  8.5781363037144576e-01  3.4312785605172519e-01
2pos_ideal:
 5.6501336801850321e-01 -1.5086744381645900e-01  4.8810055352383785e-01  3.1356762832440499e-01  8.4308277426844735e-01  3.3723310970737891e-01

-----------------------------Sat May 29 22:49:53 2021
-----------------------------
P_pos_encoder:
 5.2359876666666660e-01 -1.7453292222222222e-01  5.2359935099463950e-01  3.4906709035173089e-01  8.7266529592992215e-01 -0.0000000000000000e+00
P_pos_ideal:
 5.2359877559829882e-01 -1.7453292519943295e-01  5.2359877559829882e-01  3.4906585039886590e-01  8.7266462599716477e-01 -2.7755575615628914e-16
1 pos_encoder:
 5.4430785884678712e-01 -1.6269781474917483e-01  5.0584454553840652e-01  3.3130045244696676e-01  8.5781842410312426e-01 -1.1859582560168660e-02
1pos_ideal:
 5.4430607180840107e-01 -1.6270018450794596e-01  5.0584966456106839e-01  3.3131673936163542e-01  8.5787370013280606e-01 -1.1832740691486980e-02
2 pos_encoder:
 5.6501564661987302e-01 -1.5086458000437714e-01  4.8809529119791606e-01  3.1355250315149930e-01  8.4304414307031317e-01 -2.3702770895067529e-02
2pos_ideal:
 5.6501336801850321e-01 -1.5086744381645900e-01  4.8810055352383785e-01  3.1356762832440499e-01  8.4308277426844735e-01 -2.3665481382973960e-02
3 pos_encoder:
 5.8572278218944174e-01 -1.3903321798782919e-01  4.7034778984134423e-01  2.9579770136595640e-01  8.2822466399596284e-01 -3.5529565004696596e-02
3pos_ideal:
 5.8572066422860547e-01 -1.3903470312497201e-01  4.7035144248660743e-01  2.9581851728717451e-01  8.2829184840408865e-01 -3.5498222074460933e-02
4 pos_encoder:
 6.0643024386076916e-01 -1.2720025077563860e-01  4.5259853550085377e-01  2.7805348979234829e-01  8.1347229716511027e-01 -4.7368381546190184e-02
4pos_ideal:
 6.0642796043870772e-01 -1.2720196243348503e-01  4.5260233144937695e-01  2.7806940624994403e-01  8.1350092253972983e-01 -4.7330962765947920e-02
5 pos_encoder:
 6.2713705332857927e-01 -1.1536781862866224e-01  4.3484869683239030e-01  2.6030367163595119e-01  7.9863638243929136e-01 -5.9162387205279672e-02
5pos_ideal:
 6.2713525664880987e-01 -1.1536922174199804e-01  4.3485322041214647e-01  2.6032029521271355e-01  7.9870999667537113e-01 -5.9163703457434901e-02
6 pos_encoder:
 6.4784549330518237e-01 -1.0353538648168588e-01  4.1709827383595410e-01  2.4255260757226763e-01  7.8388196115200504e-01 -7.1031806300610206e-02
6pos_ideal:
 6.4784255285891212e-01 -1.0353648105051108e-01  4.1710410937491599e-01  2.4257118417548307e-01  7.8391907081101242e-01 -7.0996444148921867e-02
7 pos_encoder:
 6.6855067226419951e-01 -9.1702686802102390e-02  3.9935048031539577e-01  2.2479967464765441e-01  7.6910220156870446e-01 -8.2879366428914358e-02
7pos_ideal:
 6.6854984906901427e-01 -9.1703740359024094e-02  3.9935499833768551e-01  2.2482207313825261e-01  7.6912814494665371e-01 -8.2829184840408854e-02
8 pos_encoder:
 6.8925943834256131e-01 -7.9869987122518915e-02  3.8160064164693236e-01  2.0705733193497597e-01  7.5430874560917982e-01 -9.4701788745138155e-02
8pos_ideal:
 6.8925714527911652e-01 -7.9870999667537107e-02  3.8160588730045503e-01  2.0707296210102216e-01  7.5433721908229501e-01 -9.4661925531895841e-02
9 pos_encoder:
 7.0996429119981974e-01 -6.8037019910328345e-02  3.6385167947042835e-01  1.8930502196400595e-01  7.3952624675063439e-01 -1.0654716297673966e-01
9pos_ideal:
 7.0996444148921878e-01 -6.8038258976050134e-02  3.6385677626322460e-01  1.8932385106379168e-01  7.3954629321793619e-01 -1.0649466622338281e-01
10 pos_encoder:
 7.3067240507466447e-01 -5.6204052698137760e-02  3.4610096431000553e-01  1.7155769562218179e-01  7.2472183369013066e-01 -1.1836302760285554e-01
10pos_ideal:
 7.3067173769932103e-01 -5.6205518284563147e-02  3.4610766522599412e-01  1.7157474002656123e-01  7.2475536735357748e-01 -1.1832740691486980e-01
11 pos_encoder:
 7.5137954064423318e-01 -4.4371888083768497e-02  3.2835258646147436e-01  1.5380663155849825e-01  7.0993522591871794e-01 -1.3018872876413329e-01
11pos_ideal:
 7.5137903390942318e-01 -4.4372777593076174e-02  3.2835855418876364e-01  1.5382562898933075e-01  7.0996444148921878e-01 -1.3016014760635677e-01
12 pos_encoder:
 7.7208732841731909e-01 -3.2539188404185015e-02  3.1060187130105166e-01  1.3605930521667400e-01  6.9514587887206047e-01 -1.4202208056387028e-01
12pos_ideal:
 7.7208633011952532e-01 -3.2540036901589214e-02  3.1060944315153316e-01  1.3607651795210027e-01  6.9517351562486007e-01 -1.4199288829784373e-01
13 pos_encoder:
 7.9279381178337061e-01 -2.0705151061566028e-02  2.9285407778049338e-01  1.1831011001392013e-01  6.8033941135512310e-01 -1.5385652531195859e-01
13pos_ideal:
 7.9279362632962758e-01 -2.0707296210102200e-02  2.9286033211430268e-01  1.1832740691486981e-01  6.8038258976050137e-01 -1.5382562898933075e-01
14 pos_encoder:
 8.1350225175997382e-01 -8.8735215124109684e-03  2.7510482344000287e-01  1.0055842299659334e-01  6.6556444550350091e-01 -1.6569424890510087e-01
14pos_ideal:
 8.1350092253972983e-01 -8.8745555186152403e-03  2.7511122107707225e-01  1.0057829587763933e-01  6.6559166389614255e-01 -1.6565836968081771e-01
15 pos_encoder:
 8.3420710461723235e-01  2.9594456997796103e-03  2.5735702991944454e-01  8.2810473701125903e-02  6.5077304400040981e-01 -1.7752650775648654e-01
15pos_ideal:
 8.3420821874983209e-01  2.9581851728717468e-03  2.5736211003984183e-01  8.2829184840408909e-02  6.5080073803178395e-01 -1.7749111037230469e-01
16 pos_encoder:
 8.5491587069559405e-01  1.4791075248934672e-02  2.3960748341496760e-01  6.5059409637442348e-02  6.3598506659137477e-01 -1.8935330186611560e-01
16pos_ideal:
 8.5491551495993423e-01  1.4790925864358734e-02  2.3961299900261132e-01  6.5080073803178429e-02  6.3600981216742514e-01 -1.8932385106379168e-01
17 pos_encoder:
 8.7562104965461129e-01  2.6624309993732352e-02  2.2185764474650418e-01  4.7312706249261358e-02  6.2119298026947256e-01 -2.0119430430431184e-01
17pos_ideal:
 8.7562281117003637e-01  2.6623666555845693e-02  2.2186388796538084e-01  4.7330962765947948e-02  6.2121888630306643e-01 -2.0115659175527864e-01

-----------------------------Sat May 29 22:57:46 2021
-----------------------------

-----------------------------Sat May 29 23:00:28 2021
-----------------------------

-----------------------------Sat May 29 23:01:31 2021
-----------------------------
P_pos_encoder:
 8.7266493721286964e-01 -1.7453318975482932e-01  5.2359847450268027e-01  6.2295364322455011e-07  8.7266529592992215e-01 -3.4906693739279576e-01
P_pos_ideal:
 8.7266462599716477e-01 -1.7453292519943295e-01  5.2359877559829882e-01 -3.3306690738754696e-16  8.7266462599716477e-01 -3.4906585039886623e-01
1 pos_encoder:
 8.9041661254421423e-01 -1.6269834981438902e-01  5.0584425337442018e-01 -1.1851693062347067e-02  8.5786567660109680e-01 -3.3127155233661054e-01
1pos_ideal:
 8.9041373703439519e-01 -1.6270018450794596e-01  5.0584966456106839e-01 -1.1832740691486980e-02  8.5787370013280606e-01 -3.3131673936163542e-01
2 pos_encoder:
 9.0816600516324852e-01 -1.5086538260219845e-01  4.8809587552588896e-01 -2.3687812283613521e-02  8.4304688234555791e-01 -3.1352753585293724e-01
2pos_ideal:
 9.0816284807162573e-01 -1.5086744381645900e-01  4.8810055352383785e-01 -2.3665481382973960e-02  8.4308277426844735e-01 -3.1356762832440499e-01

-----------------------------Sat May 29 23:03:45 2021
-----------------------------
P_pos_encoder:
 1.5707963000000000e+00 -1.7453345728743647e-01  5.2359876666666660e-01  6.2295364322455011e-07  8.7266461111111115e-01 -3.4906693739279576e-01
P_pos_ideal:
 1.5707963267948966e+00 -1.7453292519943295e-01  5.2359877559829882e-01  0.0000000000000000e+00  8.7266462599716477e-01 -3.4906585039886590e-01
1 pos_encoder:
 1.5915063704853964e+00 -1.6269861734699612e-01  5.0584366904644729e-01 -1.1851693062347067e-02  8.5787183997039784e-01 -3.3127373823331319e-01
1pos_ideal:
 1.5915036230049988e+00 -1.6270018450794596e-01  5.0584966456106839e-01 -1.1832740691486980e-02  8.5787370013280606e-01 -3.3131673936163542e-01

-----------------------------Sat May 29 23:06:19 2021
-----------------------------
P_pos_encoder:
 1.5707966261017590e+00 -1.7453265468961512e-01  5.2359935099463950e-01  6.2295364322455011e-07  3.4906584444444444e-01 -3.4906693739279576e-01
P_pos_ideal:
 1.5707963267948966e+00 -1.7453292519943295e-01  5.2359877559829882e-01  1.0408340855860843e-17  3.4906585039886540e-01 -3.4906585039886590e-01
1 pos_encoder:
 1.5915057182818790e+00 -1.6269781474917483e-01  5.0584308471847439e-01 -1.1850447155060619e-02  3.3720546745328589e-01 -3.3128248182012371e-01
1pos_ideal:
 1.5915036230049988e+00 -1.6270018450794596e-01  5.0584966456106839e-01 -1.1832740691486980e-02  3.3723310970737891e-01 -3.3131673936163542e-01
2 pos_encoder:
 1.6122131799532065e+00 -1.5086511506959135e-01  4.8809558336190256e-01 -2.3687812283613521e-02  3.2537248321457535e-01 -3.1352972174963989e-01
2pos_ideal:
 1.6122109192151011e+00 -1.5086744381645900e-01  4.8810055352383785e-01 -2.3665481382973960e-02  3.2540036901589192e-01 -3.1356762832440499e-01
3 pos_encoder:
 1.6329209677262924e+00 -1.3903161279218657e-01  4.7034662118539849e-01 -3.5514587200231602e-02  3.1354086861348712e-01 -2.9577696167915613e-01
3pos_ideal:
 1.6329182154252031e+00 -1.3903470312497201e-01  4.7035144248660743e-01 -3.5498222074460933e-02  3.1356762832440499e-01 -2.9581851728717451e-01
4 pos_encoder:
 1.6536264727870682e+00 -1.2720025077563860e-01  4.5259619818896218e-01 -4.7345722792352260e-02  3.0175308241631577e-01 -2.7802310866032109e-01
4pos_ideal:
 1.6536255116353054e+00 -1.2720196243348503e-01  4.5260233144937695e-01 -4.7330962765947920e-02  3.0173488763291800e-01 -2.7806940624994403e-01
5 pos_encoder:
 1.6743336083566369e+00 -1.1536755109605513e-01  4.3484811250441746e-01 -5.9182464967261941e-02  2.8985709484697481e-01 -2.6026925564148595e-01
5pos_ideal:
 1.6743328078454076e+00 -1.1536922174199804e-01  4.3485322041214647e-01 -5.9163703457434901e-02  2.8990214694143102e-01 -2.6032029521271355e-01
6 pos_encoder:
 1.6950417222314813e+00 -1.0353592154690007e-01  4.1709856599994050e-01 -7.1012354652096155e-02  2.7803986144092180e-01 -2.4251977441605613e-01
6pos_ideal:
 1.6950401040555099e+00 -1.0353648105051108e-01  4.1710410937491599e-01 -7.0996444148921867e-02  2.7806940624994403e-01 -2.4257118417548307e-01
7 pos_encoder:
 1.7157482055975328e+00 -9.1703221867316581e-02  3.9934960382343643e-01 -8.2846605012432933e-02  2.6620687720221126e-01 -2.2477575793238289e-01
7pos_ideal:
 1.7157474002656121e+00 -9.1703740359024094e-02  3.9935499833768551e-01 -8.2829184840408854e-02  2.6623666555845704e-01 -2.2482207313825261e-01
8 pos_encoder:
 1.7364553411671018e+00 -7.9869719589911820e-02  3.8159947299098662e-01 -9.4678363558196796e-02  2.5437526260112309e-01 -2.0702190491354777e-01
8pos_ideal:
 1.7364546964757142e+00 -7.9870999667537107e-02  3.8160588730045503e-01 -9.4661925531895841e-02  2.5440392486697005e-01 -2.0707296210102216e-01
9 pos_encoder:
 1.7571641072454633e+00 -6.8037287442935440e-02  3.6385080297846889e-01 -1.0651136801124714e-01  2.4253953908716769e-01 -1.8927679548152326e-01
9pos_ideal:
 1.7571619926858164e+00 -6.8038258976050134e-02  3.6385677626322460e-01 -1.0649466622338281e-01  2.4257118417548310e-01 -1.8932385106379168e-01
10 pos_encoder:
 1.7778689601027218e+00 -5.6204052698137760e-02  3.4610184080196493e-01 -1.1834374951065424e-01  2.3069970666034512e-01 -1.7152840720444471e-01
10pos_ideal:
 1.7778692888959187e+00 -5.6205518284563147e-02  3.4610766522599412e-01 -1.1832740691486980e-01  2.3073844348399611e-01 -1.7157474002656123e-01
11 pos_encoder:
 1.7985787044863593e+00 -4.4370817953340080e-02  3.2835200213350146e-01 -1.3017737691734779e-01  2.1886740724044576e-01 -1.5378111187571752e-01
11pos_ideal:
 1.7985765851060209e+00 -4.4372777593076174e-02  3.2835855418876364e-01 -1.3016014760635677e-01  2.1890570279250912e-01 -1.5382562898933075e-01
12 pos_encoder:
 1.8192838834453766e+00 -3.2538118273756605e-02  3.1060216346503811e-01 -1.4201411909225747e-01  2.0703784709579118e-01 -1.3602616590853112e-01
12pos_ideal:
 1.8192838813161232e+00 -3.2540036901589214e-02  3.1060944315153316e-01 -1.4199288829784373e-01  2.0707296210102213e-01 -1.3607651795210027e-01
13 pos_encoder:
 1.8399916712184625e+00 -2.0704883528958922e-02  2.9285524643643918e-01 -1.5384400877709170e-01  1.9522746187785017e-01 -1.1827777763145261e-01
13pos_ideal:
 1.8399911775262252e+00 -2.0707296210102200e-02  2.9286033211430268e-01 -1.5382562898933075e-01  1.9524022140953515e-01 -1.1832740691486981e-01
14 pos_encoder:
 1.8606988067880312e+00 -8.8735215124109684e-03  2.7510628425993505e-01 -1.6567763618378525e-01  1.8337393307480360e-01 -1.0053048230272543e-01
14pos_ideal:
 1.8606984737363275e+00 -8.8745555186152403e-03  2.7511122107707225e-01 -1.6565836968081771e-01  1.8340748071804819e-01 -1.0057829587763933e-01
15 pos_encoder:
 1.8814059423576002e+00  2.9589106345654032e-03  2.5735527693552585e-01 -1.7751313245140848e-01  1.7153683992322583e-01 -8.2778815180592949e-02
15pos_ideal:
 1.8814057699464297e+00  2.9581851728717468e-03  2.5736211003984183e-01 -1.7749111037230469e-01  1.7157474002656120e-01 -8.2829184840408909e-02
16 pos_encoder:
 1.9021124257236517e+00  1.4791075248934672e-02  2.3960543826706246e-01 -1.8934364508988594e-01  1.5970454050332647e-01 -6.5030426903514446e-02
16pos_ideal:
 1.9021130661565320e+00  1.4790925864358734e-02  2.3961299900261132e-01 -1.8932385106379168e-01  1.5974199933507421e-01 -6.5080073803178429e-02

-----------------------------Sat May 29 23:13:30 2021
-----------------------------
P_pos_encoder:
 1.5707963000000000e+00 -1.7453318975482932e-01  5.2359876666666660e-01 -0.0000000000000000e+00  3.4906584444444444e-01  1.7453292222222222e-01
P_pos_ideal:
 1.5707963267948966e+00 -1.7453292519943295e-01  5.2359877559829882e-01  0.0000000000000000e+00  3.4906585039886590e-01 -8.7266462599716477e-01
1 pos_encoder:
 1.5915031094678100e+00 -1.7453292222222222e-01  5.0584922016218969e-01 -1.1833004453050331e-02  3.3723354502454506e-01 -8.7272035147702842e-01
1pos_ideal:
 1.5915036230049988e+00 -1.6270018450794596e-01  5.0584966456106839e-01 -1.1832740691486980e-02  3.3723310970737891e-01 -8.5787370013280606e-01
2 pos_encoder:
 1.6122115494444134e+00 -1.6269754721656771e-01  4.8809558336190256e-01 -2.3685943422683847e-02  3.2537179839576413e-01 -8.5783220903535318e-01
2pos_ideal:
 1.6122109192151011e+00 -1.5086744381645900e-01  4.8810055352383785e-01 -2.3665481382973960e-02  3.2540036901589192e-01 -8.4308277426844735e-01
3 pos_encoder:
 1.6329209677262924e+00 -1.5086431247177004e-01  4.7034457603749330e-01 -3.5516456061161279e-02  3.1353675970062000e-01 -8.4304133899694544e-01
3pos_ideal:
 1.6329182154252031e+00 -1.3903470312497201e-01  4.7035144248660743e-01 -3.5498222074460933e-02  3.1356762832440499e-01 -8.2829184840408865e-01

-----------------------------Sat May 29 23:24:00 2021
-----------------------------
P_pos_encoder:
 1.5707963000000000e+00 -1.7453318975482932e-01  5.2359847450268027e-01 -0.0000000000000000e+00  3.4906584444444444e-01 -8.7266570405946253e-01
P_pos_ideal:
 1.5707963267948966e+00 -1.7453292519943295e-01  5.2359877559829882e-01  0.0000000000000000e+00  3.4906585039886590e-01 -8.7266462599716477e-01
1 pos_encoder:
 1.5915063704853964e+00 -1.6269781474917483e-01  5.0584483770239308e-01 -1.1849201247774169e-02  3.3720478263447468e-01 -8.5783111608700180e-01
1pos_ideal:
 1.5915036230049988e+00 -1.6270018450794596e-01  5.0584966456106839e-01 -1.1832740691486980e-02  3.3723310970737891e-01 -8.5787370013280606e-01
2 pos_encoder:
 1.6122125277496893e+00 -1.5086484753698423e-01  4.8809529119791606e-01 -2.3684697515397396e-02  3.2537111357695292e-01 -8.4304024604859429e-01
2pos_ideal:
 1.6122109192151011e+00 -1.5086744381645900e-01  4.8810055352383785e-01 -2.3665481382973960e-02  3.2540036901589192e-01 -8.4308277426844735e-01
3 pos_encoder:
 1.6329209677262924e+00 -1.3903268292261498e-01  4.7034632902141199e-01 -3.5517079014804505e-02  3.1353881415705354e-01 -8.2825046895853782e-01
3pos_ideal:
 1.6329182154252031e+00 -1.3903470312497201e-01  4.7035144248660743e-01 -3.5498222074460933e-02  3.1356762832440499e-01 -8.2829184840408865e-01
4 pos_encoder:
 1.6536274510923439e+00 -1.2720025077563860e-01  4.5259707468092153e-01 -4.7347591653281937e-02  3.0171473256288855e-01 -8.1345741302342733e-01
4pos_ideal:
 1.6536255116353054e+00 -1.2720196243348503e-01  4.5260233144937695e-01 -4.7330962765947920e-02  3.0173488763291800e-01 -8.1350092253972983e-01
5 pos_encoder:
 1.6743349127636713e+00 -1.1536755109605513e-01  4.3484694384847172e-01 -5.9184333828191618e-02  2.8986668231033164e-01 -7.9866763593337098e-01
5pos_ideal:
 1.6743328078454076e+00 -1.1536922174199804e-01  4.3485322041214647e-01 -5.9163703457434901e-02  2.8990214694143102e-01 -7.9870999667537113e-01
6 pos_encoder:
 1.6950423744349987e+00 -1.0353538648168588e-01  4.1709827383595410e-01 -7.1014846466669043e-02  2.7803986144092180e-01 -7.8387676589496325e-01
6pos_ideal:
 1.6950401040555099e+00 -1.0353648105051108e-01  4.1710410937491599e-01 -7.0996444148921867e-02  2.7806940624994403e-01 -7.8391907081101242e-01
7 pos_encoder:
 1.7157488578010498e+00 -9.1702954334709499e-02  3.9934989598742288e-01 -8.2846605012432933e-02  2.6620687720221126e-01 -7.6908152406315022e-01
7pos_ideal:
 1.7157474002656121e+00 -9.1703740359024094e-02  3.9935499833768551e-01 -8.2829184840408854e-02  2.6623666555845704e-01 -7.6912814494665371e-01
8 pos_encoder:
 1.7364546889635843e+00 -7.9870254655126025e-02  3.8159859649902728e-01 -9.4679609465483261e-02  2.5435677249322070e-01 -7.5429174697309376e-01
8pos_ideal:
 1.7364546964757142e+00 -7.9870999667537107e-02  3.8160588730045503e-01 -9.4661925531895841e-02  2.5440392486697005e-01 -7.5433721908229501e-01
9 pos_encoder:
 1.7571637811437049e+00 -6.8037019910328345e-02  3.6384934215853670e-01 -1.0651136801124714e-01  2.4253885426835650e-01 -7.3950196988303740e-01
9pos_ideal:
 1.7571619926858164e+00 -6.8038258976050134e-02  3.6385677626322460e-01 -1.0649466622338281e-01  2.4257118417548310e-01 -7.3954629321793619e-01
10 pos_encoder:
 1.7778686340009633e+00 -5.6204052698137760e-02  3.4610184080196493e-01 -1.1834624132522714e-01  2.3070929412370189e-01 -7.2471219279298094e-01
10pos_ideal:
 1.7778692888959187e+00 -5.6205518284563147e-02  3.4610766522599412e-01 -1.1832740691486980e-01  2.3073844348399611e-01 -7.2475536735357748e-01
11 pos_encoder:
 1.7985777261810836e+00 -4.4369747822911663e-02  3.2835054131356928e-01 -1.3018173759285037e-01  2.1886946169687932e-01 -7.0991585801281654e-01
11pos_ideal:
 1.7985765851060209e+00 -4.4372777593076174e-02  3.2835855418876364e-01 -1.3016014760635677e-01  2.1890570279250912e-01 -7.0996444148921878e-01
12 pos_encoder:
 1.8192838834453766e+00 -3.2538118273756605e-02  3.1060099480909231e-01 -1.4202034862868973e-01  2.0703921673341358e-01 -6.9513373156121938e-01
12pos_ideal:
 1.8192838813161232e+00 -3.2540036901589214e-02  3.1060944315153316e-01 -1.4199288829784373e-01  2.0707296210102213e-01 -6.9517351562486007e-01
13 pos_encoder:
 1.8399913451167040e+00 -2.0705418594173131e-02  2.9285407778049338e-01 -1.5384650059166458e-01  1.9515829517791902e-01 -6.8033302498764969e-01
13pos_ideal:
 1.8399911775262252e+00 -2.0707296210102200e-02  2.9286033211430268e-01 -1.5382562898933075e-01  1.9524022140953515e-01 -6.8038258976050137e-01
14 pos_encoder:
 1.8606988067880312e+00 -8.8735215124109684e-03  2.7510599209594860e-01 -1.6567701323014203e-01  1.8336366079263561e-01 -6.6554871263934989e-01
14pos_ideal:
 1.8606984737363275e+00 -8.8745555186152403e-03  2.7511122107707225e-01 -1.6565836968081771e-01  1.8340748071804819e-01 -6.6559166389614255e-01
15 pos_encoder:
 1.8814056162558412e+00  2.9597132323867146e-03  2.5735586126349880e-01 -1.7751500131233816e-01  1.7153615510441464e-01 -6.5075565670423940e-01
15pos_ideal:
 1.8814057699464297e+00  2.9581851728717468e-03  2.5736211003984183e-01 -1.7749111037230469e-01  1.7157474002656120e-01 -6.5080073803178395e-01
16 pos_encoder:
 1.9021120996218930e+00  1.4791075248934672e-02  2.3960485393908959e-01 -1.8934489099717236e-01  1.5970248604689286e-01 -6.3596478666583178e-01
16pos_ideal:
 1.9021130661565320e+00  1.4790925864358734e-02  2.3961299900261132e-01 -1.8932385106379168e-01  1.5974199933507421e-01 -6.3600981216742514e-01
17 pos_encoder:
 1.9228205395984961e+00  2.6624577526339455e-02  2.2185501527062618e-01 -2.0117976431115236e-01  1.4787703481510545e-01 -6.2117282367907267e-01
17pos_ideal:
 1.9228203623666342e+00  2.6623666555845693e-02  2.2186388796538084e-01 -2.0115659175527864e-01  1.4790925864358723e-01 -6.2121888630306643e-01
18 pos_encoder:
 1.9435257185575132e+00  3.8457009673315827e-02  2.0410576093013569e-01 -2.1301089990327304e-01  1.3606459514073085e-01 -6.0636337351869252e-01
18pos_ideal:
 1.9435276585767365e+00  3.8456407247332680e-02  2.0411477692815039e-01 -2.1298933244676563e-01  1.3607651795210027e-01 -6.0642796043870772e-01
19 pos_encoder:
 1.9642344846358750e+00  5.0289709352899295e-02  1.8635621442565869e-01 -2.2484390435632334e-01  1.2420901188125072e-01 -5.9159654834401376e-01
19pos_ideal:
 1.9642349547868387e+00  5.0289147938819667e-02  1.8636566589091991e-01 -2.2482207313825261e-01  1.2424377726061328e-01 -5.9163703457434902e-01
20 pos_encoder:
 1.9849409680019265e+00  6.2122409032482770e-02  1.6860929739705977e-01 -2.3667690880937367e-01  1.1237328836729533e-01 -5.7680349240890338e-01
20pos_ideal:
 1.9849422509969408e+00  6.2121888630306654e-02  1.6861655485368943e-01 -2.3665481382973960e-01  1.1241103656912629e-01 -5.7684610870999031e-01
21 pos_encoder:
 2.0056484296732537e+00  7.3956178842494655e-02  1.5086033522055570e-01 -2.4851240507699690e-01  1.0054235858501835e-01 -5.6201699416390094e-01
21pos_ideal:
 2.0056495472070432e+00  7.3954629321793613e-02  1.5086744381645897e-01 -2.4848755452122656e-01  1.0057829587763933e-01 -5.6205518284563150e-01
22 pos_encoder:
 2.0263565435480984e+00  8.5788610989471034e-02  1.3310757491222783e-01 -2.6034727839097693e-01  8.8708004708685367e-02 -5.4721847348703390e-01
22pos_ideal:
 2.0263568434171453e+00  8.5787370013280601e-02  1.3311833277922849e-01 -2.6032029521271355e-01  8.8745555186152347e-02 -5.4726425698127290e-01
23 pos_encoder:
 2.0470620486088742e+00  9.7620775603840290e-02  1.1536036571964245e-01 -2.7217529921488143e-01  7.6694913122629410e-02 -5.3242651050027490e-01
23pos_ideal:
 2.0470641396272473e+00  9.7620110704767588e-02  1.1536922174199804e-01 -2.7215303590420054e-01  7.6912814494665360e-02 -5.3247333111691408e-01
24 pos_encoder:
 2.0677691841784434e+00  1.0945347528342377e-01  9.7612280035097698e-02 -2.8401453320436409e-01  6.5046145144131415e-02 -5.1764001225527245e-01
24pos_ideal:
 2.0677714358373498e+00  1.0945285139625452e-01  9.7620110704767574e-02 -2.8398577659568747e-01  6.5080073803178387e-02 -5.1768240525255538e-01
25 pos_encoder:
 2.0884779502568049e+00  1.2128537236518593e-01  7.9861272710688533e-02 -2.9584504584284144e-01  5.3211106448987244e-02 -5.0284695632016196e-01
25pos_ideal:
 2.0884787320474518e+00  1.2128559208774151e-01  7.9870999667537107e-02 -2.9581851728717445e-01  5.3247333111691414e-02 -5.0289147938819667e-01
26 pos_encoder:
 2.1091841075210978e+00  1.3311807204476939e-01  6.2112602698170899e-02 -3.0767680438860534e-01  4.1365110652863878e-02 -4.8805936512680820e-01
26pos_ideal:
 2.1091860282575539e+00  1.3311833277922855e-01  6.2121888630306640e-02 -3.0765125797866150e-01  4.1414592420204427e-02 -4.8810055352383797e-01
27 pos_encoder:
 2.1298918952941839e+00  1.4495023665913867e-01  4.4363640521666831e-02 -3.1950544816615312e-01  2.9549246884433285e-02 -4.7326740214004914e-01
27pos_ideal:
 2.1298933244676563e+00  1.4495107347071548e-01  4.4372777593076167e-02 -3.1948399867014843e-01  2.9581851728717447e-02 -4.7330962765947915e-01
28 pos_encoder:
 2.1505977264567178e+00  1.5678400646915056e-01  2.6613509689216990e-02 -3.3134156738741954e-01  1.7775841882297035e-02 -4.5847981094669538e-01
28pos_ideal:
 2.1506006206777584e+00  1.5678381416220247e-01  2.6623666555845703e-02 -3.3131673936163542e-01  1.7749111037230470e-02 -4.5851870179512044e-01
29 pos_encoder:
 2.1713045359245280e+00  1.6861697368134115e-01  8.8645475127129211e-03 -3.4317394888682662e-01  5.8798543129561327e-03 -4.4368456911488235e-01
29pos_ideal:
 2.1713079168878608e+00  1.6861655485368945e-01  8.8745555186152333e-03 -3.4314948005312240e-01  5.9163703457434901e-03 -4.4372777593076174e-01

-----------------------------Sat May 29 23:32:22 2021
-----------------------------

-----------------------------Sat May 29 23:32:52 2021
-----------------------------

-----------------------------Sat May 29 23:34:13 2021
-----------------------------
P_pos_encoder:
 1.5707966261017590e+00 -1.7453318975482932e-01  5.2359905883065316e-01 -1.7453292222222222e-01  3.4906584444444444e-01 -8.7266461111111115e-01
P_pos_ideal:
 1.5707963267948966e+00 -1.7453292519943295e-01  5.2359877559829882e-01 -1.7453292519943295e-01  3.4906585039886590e-01 -8.7266462599716477e-01
1 pos_encoder:
 1.5915044138748444e+00 -1.6269834981438902e-01  5.0584717501428456e-01 -1.8342994615475527e-01  3.3720615227209710e-01 -8.5783111608700180e-01
1pos_ideal:
 1.5915036230049988e+00 -1.6270018450794596e-01  5.0584966456106839e-01 -1.8340748071804819e-01  3.3723310970737891e-01 -8.5787370013280606e-01
2 pos_encoder:
 1.6122099189356200e+00 -1.5086484753698423e-01  4.8810025798568568e-01 -1.9229831421969995e-01  3.2537453767100893e-01 -8.4303915310024280e-01
2pos_ideal:
 1.6122109192151011e+00 -1.5086744381645900e-01  4.8810055352383785e-01 -1.9228203623666340e-01  3.2540036901589192e-01 -8.4308277426844735e-01
3 pos_encoder:
 1.6329196633192580e+00 -1.3903268292261498e-01  4.7034925066127642e-01 -2.0117602658929304e-01  3.1354155343229834e-01 -8.2825265485524036e-01
3pos_ideal:
 1.6329182154252031e+00 -1.3903470312497201e-01  4.7035144248660743e-01 -2.0115659175527864e-01  3.1356762832440499e-01 -8.2829184840408865e-01

-----------------------------Sat May 29 23:37:22 2021
-----------------------------

-----------------------------Sat May 29 23:39:05 2021
-----------------------------

-----------------------------Sat May 29 23:39:26 2021
-----------------------------

-----------------------------Sat May 29 23:40:59 2021
-----------------------------
P_pos_encoder:
 1.5707963000000000e+00 -3.4906530937923025e-01  6.9813139672490243e-01 -1.7453292222222222e-01  6.9813168888888888e-01 -8.7266461111111115e-01
P_pos_ideal:
 1.5707963267948966e+00 -3.4906585039886590e-01  6.9813170079773179e-01 -1.7453292519943292e-01  6.9813170079773212e-01 -8.7266462599716488e-01
1 pos_encoder:
 1.5944615046218618e+00 -3.3131692869137280e-01  6.7446202352708684e-01 -1.6564088191883500e-01  6.8035242291253595e-01 -8.5783002313865064e-01
1pos_ideal:
 1.5944618081778705e+00 -3.3131673936163542e-01  6.7446621941475782e-01 -1.6565836968081771e-01  6.8038258976050137e-01 -8.5787370013280606e-01
2 pos_encoder:
 1.6181270353454826e+00 -3.1356747787308692e-01  6.5079907793697300e-01 -1.5677874339032255e-01  6.6257726584905008e-01 -8.4303806015189153e-01
2pos_ideal:
 1.6181272895608445e+00 -3.1356762832440499e-01  6.5080073803178384e-01 -1.5678381416220250e-01  6.6263347872327083e-01 -8.4308277426844735e-01
3 pos_encoder:
 1.6417935443743785e+00 -2.9582016731565791e-01  6.2713233421503534e-01 -1.4788981785515146e-01  6.4486168802213850e-01 -8.2824719011348380e-01
3pos_ideal:
 1.6417927709438185e+00 -2.9581851728717451e-01  6.2713525664880998e-01 -1.4790925864358725e-01  6.4488436768604041e-01 -8.2829184840408865e-01
4 pos_encoder:
 1.6654594011997577e+00 -2.7806723857347965e-01  6.0346529832911122e-01 -1.3901148253191514e-01  6.2711323889228943e-01 -8.1346178481683262e-01
4pos_ideal:
 1.6654582523267925e+00 -2.7806940624994403e-01  6.0346977526583601e-01 -1.3903470312497201e-01  6.2713525664880998e-01 -8.1350092253972983e-01
5 pos_encoder:
 1.6891226492110678e+00 -2.6031966048344352e-01  5.7980293706697017e-01 -1.3014311446697044e-01  6.0936958349411885e-01 -7.9866872888172225e-01
5pos_ideal:
 1.6891237337097664e+00 -2.6032029521271355e-01  5.7980429388286203e-01 -1.3016014760635677e-01  6.0938614561157944e-01 -7.9870999667537113e-01
6 pos_encoder:
 1.7127904626469985e+00 -2.4257074473037185e-01  5.5613706983699196e-01 -1.2126291028280449e-01  5.9161771027021370e-01 -7.8387785884331451e-01
6pos_ideal:
 1.7127892150927404e+00 -2.4257118417548304e-01  5.5613881249988806e-01 -1.2128559208774152e-01  5.9163703457434902e-01 -7.8391907081101242e-01
7 pos_encoder:
 1.7364550150653428e+00 -2.2482263157512156e-01  5.3247149477100009e-01 -1.1238893563507077e-01  5.7390350208092467e-01 -7.6908589585655551e-01
7pos_ideal:
 1.7364546964757144e+00 -2.2482207313825259e-01  5.3247333111691408e-01 -1.1241103656912629e-01  5.7388792353711848e-01 -7.6912814494665371e-01
8 pos_encoder:
 1.7601192413819291e+00 -2.0707371582204989e-01  5.0880504321304887e-01 -1.0351807575555318e-01  5.5610437635904675e-01 -7.5428956107639100e-01
8pos_ideal:
 1.7601201778586884e+00 -2.0707296210102213e-01  5.0880784973394011e-01 -1.0353648105051107e-01  5.5613881249988806e-01 -7.5433721908229501e-01
9 pos_encoder:
 1.7837847721055495e+00 -1.8932292734072848e-01  4.8513976031104339e-01 -9.4638494525030439e-02  5.3836756914898820e-01 -7.3949978398633454e-01
9pos_ideal:
 1.7837856592416621e+00 -1.8932385106379165e-01  4.8514236835096619e-01 -9.4661925531895827e-02  5.3838970146265752e-01 -7.3954629321793619e-01
10 pos_encoder:
 1.8074535638467557e+00 -1.7157481418547815e-01  4.6147418524505157e-01 -8.5762028062723830e-02  5.2061843520032791e-01 -7.2471328574133231e-01
10pos_ideal:
 1.8074511406246363e+00 -1.7157474002656120e-01  4.6147688696799222e-01 -8.5787370013280601e-02  5.2064059042542710e-01 -7.2475536735357748e-01
11 pos_encoder:
 1.8311171379598250e+00 -1.5382322310633545e-01  4.3780948667101899e-01 -7.6893659997779126e-02  5.0287477980215722e-01 -7.0991913685787056e-01
11pos_ideal:
 1.8311166220076101e+00 -1.5382562898933072e-01  4.3781140558501824e-01 -7.6912814494665360e-02  5.0289147938819667e-01 -7.0996444148921878e-01
12 pos_encoder:
 1.8547803859711349e+00 -1.3607537748369219e-01  4.1414449593300007e-01 -6.8010963999040261e-02  4.8513180922279775e-01 -6.9513263861286800e-01
12pos_ideal:
 1.8547821033905842e+00 -1.3607651795210024e-01  4.1414592420204427e-01 -6.8038258976050120e-02  4.8514236835096614e-01 -6.9517351562486007e-01
13 pos_encoder:
 1.8784495038141000e+00 -1.1832672926322763e-01  3.9047775221106240e-01 -5.9141350026809113e-02  4.6741349212064143e-01 -6.8034176857446027e-01
13pos_ideal:
 1.8784475847735580e+00 -1.1832740691486980e-01  3.9048044281907029e-01 -5.9163703457434901e-02  4.6739325731373571e-01 -6.8038258976050137e-01
14 pos_encoder:
 1.9021140562324446e+00 -1.0057808104276308e-01  3.6681217714507053e-01 -5.0270490147291527e-02  4.4961984494925317e-01 -6.6554652674264736e-01
14pos_ideal:
 1.9021130661565320e+00 -1.0057829587763932e-01  3.6681496143609638e-01 -5.0289147938819660e-02  4.4964414627650523e-01 -6.6559166389614255e-01
15 pos_encoder:
 1.9257782825490304e+00 -8.2828630224477215e-02  3.4314368043921423e-01 -4.1388417102195887e-02  4.3187208063821536e-01 -6.5076112144599607e-01
15pos_ideal:
 1.9257785475395059e+00 -8.2829184840408895e-02  3.4314948005312240e-01 -4.1414592420204448e-02  4.3189503523927480e-01 -6.5080073803178395e-01
16 pos_encoder:
 1.9494438132726508e+00 -6.5078376808370031e-02  3.1948190350504613e-01 -3.2518803129964739e-02  4.1411746813906541e-01 -6.3596150782077776e-01
16pos_ideal:
 1.9494440289224799e+00 -6.5080073803178415e-02  3.1948399867014843e-01 -3.2540036901589207e-02  4.1414592420204432e-01 -6.3600981216742514e-01
17 pos_encoder:
 1.9731129311156161e+00 -4.7328658457477066e-02  2.9581457545513556e-01 -2.3643582574944574e-02  3.9637860647257322e-01 -6.2117500957577532e-01
17pos_ideal:
 1.9731095103054539e+00 -4.7330962765947934e-02  2.9581851728717445e-01 -2.3665481382973967e-02  3.9639681316481384e-01 -6.2121888630306643e-01
18 pos_encoder:
 1.9967755269234089e+00 -2.9581347900048030e-02  2.7214987688110304e-01 -1.4771476788140532e-02  3.7853976125964583e-01 -6.0638304658901621e-01
18pos_ideal:
 1.9967749916884279e+00 -2.9581851728717450e-02  2.7215303590420054e-01 -1.4790925864358725e-02  3.7864770212758336e-01 -6.0642796043870772e-01
19 pos_encoder:
 2.0204404054435123e+00 -1.1831362016547955e-02  2.4848284099517895e-01 -5.8975021404068162e-03  3.6088444748811982e-01 -5.9159982718906778e-01
19pos_ideal:
 2.0204404730714018e+00 -1.1832740691486970e-02  2.4848755452122653e-01 -5.9163703457434848e-03  3.6089859109035288e-01 -5.9163703457434902e-01
20 pos_encoder:
 2.0441078927776846e+00  5.9172862039166005e-03  2.2481668160121421e-01  2.9764725073269005e-03  3.4312298680085801e-01 -5.7680239946055212e-01
20pos_ideal:
 2.0441059544543760e+00  5.9163703457434554e-03  2.2482207313825256e-01  2.9581851728717277e-03  3.4314948005312246e-01 -5.7684610870999031e-01
21 pos_encoder:
 2.0677717929925117e+00  2.3666737022202462e-02  2.0114964571529012e-01  1.1848578294130944e-02  3.2538207067793212e-01 -5.6201918006060347e-01
21pos_ideal:
 2.0677714358373498e+00  2.3665481382973991e-02  2.0115659175527864e-01  1.1832740691486996e-02  3.2540036901589192e-01 -5.6205518284563150e-01
22 pos_encoder:
 2.0914376498178910e+00  4.1415385242667017e-02  1.7748786878112202e-01  2.0725667710080782e-02  3.0762677335997107e-01 -5.4721847348703390e-01
22pos_ideal:
 2.0914369172203235e+00  4.1414592420204413e-02  1.7749111037230467e-01  2.0707296210102207e-02  3.0765125797866150e-01 -5.4726425698127290e-01
23 pos_encoder:
 2.1151031805415115e+00  5.9166708789202618e-02  1.5382287804310305e-01  2.9599642357814506e-02  2.8970506507088861e-01 -5.3242541755192352e-01
23pos_ideal:
 2.1151023986032977e+00  5.9163703457434894e-02  1.5382562898933069e-01  2.9581851728717447e-02  2.8990214694143102e-01 -5.3247333111691408e-01
24 pos_encoder:
 2.1387716461809592e+00  7.6914554411845873e-02  1.3015730297711117e-01  3.8479223588337233e-02  2.7211206981118174e-01 -5.1763564046186716e-01
24pos_ideal:
 2.1387678799862719e+00  7.6912814494665374e-02  1.3016014760635675e-01  3.8456407247332687e-02  2.7215303590420054e-01 -5.1768240525255538e-01

-----------------------------Sat May 29 23:50:09 2021
-----------------------------
P_pos_encoder:
 1.5707963000000000e+00 -3.4906530937923025e-01  6.9813139672490243e-01 -1.7453292222222222e-01  6.9813168888888888e-01 -8.7266570405946253e-01
P_pos_ideal:
 1.5707963267948966e+00 -3.4906585039886590e-01  6.9813170079773179e-01 -1.7453292519943295e-01  6.9813170079773179e-01 -8.7266462599716477e-01
1 pos_encoder:
 1.5707963000000000e+00 -3.4906557691183732e-01  6.9813139672490243e-01  8.7287018581337528e-02  1.7446649479753590e-01 -4.3628749467315142e-01
1pos_ideal:
 1.5707963267948966e+00 -3.4906585039886590e-01  6.9813170079773179e-01  8.7266462599716460e-02  1.7453292519943298e-01 -4.3633231299858238e-01
