
-----------------------------Sat May 29 20:35:48 2021
-----------------------------

-----------------------------Sat May 29 20:36:32 2021
-----------------------------

-----------------------------Sat May 29 20:37:00 2021
-----------------------------

-----------------------------Sat May 29 20:38:42 2021
-----------------------------

-----------------------------Sat May 29 20:49:33 2021
-----------------------------

-----------------------------Sat May 29 20:50:22 2021
-----------------------------
P_pos_encoder:
-1.7453288961204634e+00 -1.7453265468961512e-01 -1.7453321438620864e-01  6.9813231184253222e-01  6.8481881119917687e-07  1.7453292222222222e-01
P_pos_ideal:
-1.7453292519943295e+00 -1.7453292519943295e-01 -1.7453292519943295e-01  6.9813170079773212e-01 -8.4703294725430034e-21  1.7453292519943231e-01
1 pos_encoder:
-1.7246191517368259e+00 -1.6269808228178192e-01 -1.6269326883554483e-01  6.8036754279869760e-01  1.4818794255538991e-02  1.7751448532462202e-01
1pos_ideal:
-1.7246219557842273e+00 -1.6270018450794596e-01 -1.6270018450794596e-01  6.8038258976050137e-01  1.4790925864358725e-02  1.7749111037230469e-01
2 pos_encoder:
-1.7039120161672572e+00 -1.5086458000437714e-01 -1.5086208820447436e-01  6.6261897054958685e-01  2.9619783221986801e-02  1.8047965420175199e-01
2pos_ideal:
-1.7039146595741250e+00 -1.5086744381645900e-01 -1.5086744381645900e-01  6.6263347872327083e-01  2.9581851728717450e-02  1.8044929554517644e-01
3 pos_encoder:
-1.6832042283941715e+00 -1.3903081019436525e-01 -1.3902681727759364e-01  6.4486603762497374e-01  4.4408445449833023e-02  1.8343389359536882e-01
3pos_ideal:
-1.6832073633640230e+00 -1.3903470312497201e-01 -1.3903470312497201e-01  6.4488436768604041e-01  4.4372777593076174e-02  1.8340748071804819e-01
4 pos_encoder:
-1.6624983972316369e+00 -1.2719837804738887e-01 -1.2719505231855027e-01  6.2711871128314955e-01  5.9188889851944863e-02  1.8639469067909353e-01
4pos_ideal:
-1.6625000671539207e+00 -1.2720196243348503e-01 -1.2720196243348503e-01  6.2713525664880998e-01  5.9163703457434901e-02  1.8636566589091993e-01
5 pos_encoder:
-1.6417886528479995e+00 -1.1536594590041251e-01 -1.1536065788362888e-01  6.0937325380225493e-01  7.3980976173847079e-02  1.8935111596941295e-01
5pos_ideal:
-1.6417927709438185e+00 -1.1536922174199804e-01 -1.1536922174199804e-01  6.0938614561157944e-01  7.3954629321793627e-02  1.8932385106379168e-01
6 pos_encoder:
-1.6210831477872236e+00 -1.0353324622082903e-01 -1.0352860076059905e-01  5.9162281269221462e-01  8.8770323220504516e-02  1.9230972715643502e-01
6pos_ideal:
-1.6210854747337162e+00 -1.0353648105051108e-01 -1.0353648105051108e-01  5.9163703457434902e-01  8.8745555186152347e-02  1.9228203623666340e-01
7 pos_encoder:
-1.6003769905229306e+00 -9.1701081606459761e-02 -9.1694498489664142e-02  5.7386801090667172e-01  1.0356309436121794e-01  1.9526833834345711e-01
7pos_ideal:
-1.6003781785236140e+00 -9.1703740359024094e-02 -9.1703740359024094e-02  5.7388792353711848e-01  1.0353648105051108e-01  1.9524022140953518e-01
8 pos_encoder:
-1.5796682244445690e+00 -7.9868381926876300e-02 -7.9863610022580078e-02  5.5612504524035011e-01  1.1835312622668656e-01  1.9822476363377656e-01
8pos_ideal:
-1.5796708823135117e+00 -7.9870999667537107e-02 -7.9870999667537107e-02  5.5613881249988806e-01  1.1832740691486980e-01  1.9819840658240689e-01
9 pos_encoder:
-1.5589623932820347e+00 -6.8035682247292825e-02 -6.8030384243604483e-02  5.3837211231573689e-01  1.3314384291096637e-01  2.0118993251090656e-01
9pos_ideal:
-1.5589635861034097e+00 -6.8038258976050134e-02 -6.8038258976050134e-02  5.3838970146265752e-01  1.3311833277922852e-01  2.0115659175527864e-01
10 pos_encoder:
-1.5382536272036731e+00 -5.6202179969888029e-02 -5.6198327120574661e-02  5.2061980234476679e-01  1.4793592923286861e-01  2.0414745074957732e-01
10pos_ideal:
-1.5382562898933074e+00 -5.6205518284563147e-02 -5.6205518284563147e-02  5.2064059042542710e-01  1.4790925864358725e-01  2.0411477692815039e-01
11 pos_encoder:
-1.5175468177358626e+00 -4.4370550420732978e-02 -4.4364809177612617e-02  5.0287309895658594e-01  1.6272664591714842e-01  2.0710387603989674e-01
11pos_ideal:
-1.5175489936832052e+00 -4.4372777593076174e-02 -4.4372777593076174e-02  5.0289147938819667e-01  1.6270018450794596e-01  2.0707296210102213e-01
12 pos_encoder:
-1.4968403343698111e+00 -3.2537048143328189e-02 -3.2531875562623457e-02  4.8512764147569132e-01  1.7751804742023944e-01  2.1006030133021616e-01
12pos_ideal:
-1.4968416974731029e+00 -3.2540036901589214e-02 -3.2540036901589214e-02  4.8514236835096614e-01  1.7749111037230469e-01  2.1003114727389388e-01
13 pos_encoder:
-1.4761325465967252e+00 -2.0704080931137611e-02 -2.0701863587498745e-02  4.6737533150472138e-01  1.9230534001046326e-01  2.1302000546558955e-01
13pos_ideal:
-1.4761344012630007e+00 -2.0707296210102200e-02 -2.0707296210102200e-02  4.6739325731373571e-01  1.9228203623666340e-01  2.1298933244676563e-01
14 pos_encoder:
-1.4554260632306737e+00 -8.8721838493754489e-03 -8.8665926606180338e-03  4.4962675925561069e-01  2.0709468705712067e-01  2.1597861665261167e-01
14pos_ideal:
-1.4554271050528986e+00 -8.8745555186152403e-03 -8.8745555186152403e-03  4.4964414627650523e-01  2.0707296210102216e-01  2.1594751761963737e-01
15 pos_encoder:
-1.4347192537628635e+00  2.9607833628151280e-03  2.9651722984253468e-03  4.3188067882107289e-01  2.2189225192951251e-01  2.1893941373633635e-01
15pos_ideal:
-1.4347198088427964e+00  2.9581851728717468e-03  2.9581851728717468e-03  4.3189503523927480e-01  2.2186388796538087e-01  2.1890570279250912e-01
16 pos_encoder:
-1.4140114659897776e+00  1.4793483042398603e-02  1.4797813749428058e-02  4.1412649998917322e-01  2.3668502307022593e-01  2.2189802492335847e-01
16pos_ideal:
-1.4140125126326941e+00  1.4790925864358734e-02  1.4790925864358734e-02  4.1414592420204432e-01  2.3665481382973960e-01  2.2186388796538087e-01
17 pos_encoder:
-1.3933046565219676e+00  2.6625647656767872e-02  2.6628994380498545e-02  3.9637543592548968e-01  2.5152984044059051e-01  2.2484898547192131e-01
17pos_ideal:
-1.3933052164225919e+00  2.6623666555845693e-02  2.6623666555845693e-02  3.9639681316481384e-01  2.5144573969409834e-01  2.2482207313825261e-01
18 pos_encoder:
-1.3725981731559160e+00  3.8458882401565551e-02  3.8466018291297928e-02  3.7862873253730872e-01  2.6626097788829595e-01  2.2781196845234863e-01
18pos_ideal:
-1.3725979202124896e+00  3.8456407247332680e-02  3.8456407247332680e-02  3.7864770212758336e-01  2.6623666555845704e-01  2.2778025831112436e-01
19 pos_encoder:
-1.3518903853828299e+00  5.0291047015934814e-02  5.0295153774463308e-02  3.6088389801005732e-01  2.8101813845082702e-01  2.3076730079431676e-01
19pos_ideal:
-1.3518906240023876e+00  5.0289147938819667e-02  5.0289147938819667e-02  3.6089859109035288e-01  2.8102759142281575e-01  2.3073844348399611e-01
20 pos_encoder:
-1.3311839020167786e+00  6.2123746695518289e-02  6.2128087389452462e-02  3.4312722736358481e-01  2.9584652016972285e-01  2.3372919082639282e-01
20pos_ideal:
-1.3311833277922851e+00  6.2121888630306654e-02  6.2121888630306654e-02  3.4314948005312246e-01  2.9581851728717451e-01  2.3369662865686786e-01
21 pos_encoder:
-1.3104761142436927e+00  7.3956981440315983e-02  7.3960144512482298e-02  3.2538301578997675e-01  3.1062354047777863e-01  2.3668780201341488e-01
21pos_ideal:
-1.3104760315821831e+00  7.3954629321793613e-02  7.3954629321793613e-02  3.2540036901589192e-01  3.1060944315153322e-01  2.3665481382973957e-01
22 pos_encoder:
-1.2897693047758823e+00  8.5789681119899458e-02  8.5793954619430776e-02  3.0763195172629315e-01  3.2542795353828247e-01  2.3964750614878830e-01
22pos_ideal:
-1.2897687353720808e+00  8.5787370013280601e-02  8.5787370013280601e-02  3.0765125797866150e-01  3.2540036901589192e-01  2.3961299900261135e-01
23 pos_encoder:
-1.2690631475115897e+00  9.7622113266875823e-02  9.7624550922528364e-02  2.8988026470896638e-01  3.4016046062361038e-01  2.4260611733581036e-01
23pos_ideal:
-1.2690614391619786e+00  9.7620110704767588e-02  9.7620110704767588e-02  2.8990214694143102e-01  3.4019129488025063e-01  2.4257118417548307e-01
24 pos_encoder:
-1.2483537292297104e+00  1.0945561554428060e-01  1.0945777670150397e-01  2.7213356132078537e-01  3.5501075654446451e-01  2.4556472852283243e-01
24pos_ideal:
-1.2483541429518765e+00  1.0945285139625452e-01  1.0945285139625452e-01  2.7215303590420054e-01  3.5498222074460939e-01  2.4552936934835481e-01
25 pos_encoder:
-1.2276482241689348e+00  1.2128778015864988e-01  1.2128924949656092e-01  2.5438623497896118e-01  3.6976654746937315e-01  2.4852115381315190e-01
25pos_ideal:
-1.2276468467417743e+00  1.2128559208774151e-01  1.2128559208774151e-01  2.5440392486697005e-01  3.6977314660896810e-01  2.4848755452122656e-01
26 pos_encoder:
-1.2069401102940902e+00  1.3312047983823333e-01  1.3312218311155008e-01  2.3663579386892084e-01  3.8458945063777938e-01  2.5147976500017399e-01
26pos_ideal:
-1.2069395505316720e+00  1.3311833277922855e-01  1.3311833277922855e-01  2.3665481382973963e-01  3.8456407247332680e-01  2.5144573969409834e-01
27 pos_encoder:
-1.1862333008262802e+00  1.4495264445260261e-01  1.4495599321849856e-01  2.1888472980523729e-01  3.9938153695968159e-01  2.5444274798060129e-01
27pos_ideal:
-1.1862322543215698e+00  1.4495107347071548e-01  1.4495107347071548e-01  2.1890570279250915e-01  3.9935499833768562e-01  2.5440392486697005e-01
28 pos_encoder:
-1.1655271435619872e+00  1.5678534413218609e-01  1.5678746601355548e-01  2.0113740346341311e-01  4.1417293846277264e-01  2.5739917327092077e-01
28pos_ideal:
-1.1655249581114675e+00  1.5678381416220247e-01  1.5678381416220247e-01  2.0115659175527867e-01  4.1414592420204432e-01  2.5736211003984177e-01
29 pos_encoder:
-1.1448183774836254e+00  1.6861750874655534e-01  1.6862039962854464e-01  1.8339132302887534e-01  4.2895406768369559e-01  2.6035887740629415e-01
29pos_ideal:
-1.1448176619013655e+00  1.6861655485368945e-01  1.6861655485368945e-01  1.8340748071804824e-01  4.2893685006640303e-01  2.6032029521271355e-01
30 pos_encoder:
-1.1241118941175738e+00  1.8045047595874592e-01  1.8045420973549312e-01  1.6564212782612145e-01  4.4374889328084272e-01  2.6331967449001886e-01
30pos_ideal:
-1.1241103656912630e+00  1.8044929554517644e-01  1.8044929554517644e-01  1.6565836968081782e-01  4.4372777593076174e-01  2.6327848038558532e-01
31 pos_encoder:
-1.1034060629550395e+00  1.9228344317093651e-01  1.9228889633440097e-01  1.4788545717964888e-01  4.5853276177701047e-01  2.6629686579901340e-01
31pos_ideal:
-1.1034030694811610e+00  1.9228203623666343e-01  1.9228203623666343e-01  1.4790925864358728e-01  4.5851870179512050e-01  2.6623666555845704e-01
32 pos_encoder:
-1.0826972968766777e+00  2.0411721298094837e-01  2.0412007696547146e-01  1.3014186855968402e-01  4.7333580519989188e-01  2.6923252507065776e-01
32pos_ideal:
-1.0826957732710587e+00  2.0411477692815042e-01  2.0411477692815042e-01  1.3016014760635686e-01  4.7330962765947920e-01  2.6919485073132876e-01
33 pos_encoder:
-1.0619911396123847e+00  2.1594991266053185e-01  2.1595242625248770e-01  1.1239080449600045e-01  4.8812720670298293e-01  2.7219222920603114e-01
33pos_ideal:
-1.0619884770609564e+00  2.1594751761963735e-01  2.1594751761963735e-01  1.1241103656912632e-01  4.8810055352383791e-01  2.7215303590420054e-01
34 pos_encoder:
-1.0412843301445744e+00  2.2778234480750825e-01  2.2778389904754465e-01  9.4644101107819442e-02  5.0291312965558432e-01  2.7514865449635056e-01
34pos_ideal:
-1.0412811808508544e+00  2.2778025831112433e-01  2.2778025831112433e-01  9.4661925531895896e-02  5.0289147938819667e-01  2.7511122107707225e-01
35 pos_encoder:
-1.0205752379644544e+00  2.3961557955230589e-01  2.3961624833456091e-01  7.6891791136849449e-02  5.1770521597748653e-01  2.7810835863172401e-01
35pos_ideal:
-1.0205738846407519e+00  2.3961299900261138e-01  2.3961299900261138e-01  7.6912814494665471e-02  5.1768240525255538e-01  2.7806940624994403e-01
36 pos_encoder:
-9.9987071120895443e-01  2.5144827923188939e-01  2.5144976627752297e-01  5.9145710702311699e-02  5.3249661748057753e-01  2.8107024866379998e-01
36pos_ideal:
-9.9986658843064979e-01  2.5144573969409834e-01  2.5144573969409834e-01  5.9163703457434935e-02  5.3247333111691408e-01  2.8102759142281575e-01
37 pos_encoder:
-9.7916194513059263e-01  2.6328017631365158e-01  2.6328474504041721e-01  4.1394646638628137e-02  5.4728391007080135e-01  2.8402667395411946e-01
37pos_ideal:
-9.7915929222054765e-01  2.6327848038558532e-01  2.6327848038558532e-01  4.1414592420204399e-02  5.4726425698127290e-01  2.8398577659568752e-01
38 pos_encoder:
-9.5845415735750661e-01  2.7511234092802084e-01  2.7511417268756910e-01  2.3641713714014904e-02  5.6207942048675963e-01  2.8698528514114152e-01
38pos_ideal:
-9.5845199601044540e-01  2.7511122107707231e-01  2.7511122107707231e-01  2.3665481382973974e-02  5.6205518284563150e-01  2.8694396176855924e-01
39 pos_encoder:
-9.3774832619497217e-01  2.8694477307499716e-01  2.8694681413857170e-01  5.9006169086229399e-03  5.7686465862054981e-01  2.8994280337981226e-01
39pos_ideal:
-9.3774469980034314e-01  2.8694396176855930e-01  2.8694396176855930e-01  5.9163703457435490e-03  5.7684610870999031e-01  2.8990214694143102e-01
40 pos_encoder:
-9.1703956011661047e-01  2.9877720522197354e-01  2.9877916342558802e-01 -1.1856676691492863e-02  5.9167181095629851e-01  2.9290360046353703e-01
40pos_ideal:
-9.1703740359024088e-01  2.9877670246004628e-01  2.9877670246004628e-01 -1.1832740691486876e-02  5.9163703457434902e-01  2.9286033211430273e-01
41 pos_encoder:
-8.9633372895407615e-01  3.1060990490155704e-01  3.1061297353253653e-01 -2.9608363708819647e-02  6.0644951608316555e-01  2.9585893280550513e-01
41pos_ideal:
-8.9633010738013874e-01  3.1060944315153316e-01  3.1060944315153316e-01 -2.9581851728717412e-02  6.0642796043870772e-01  2.9581851728717445e-01
42 pos_encoder:
-8.7562659338450743e-01  3.2244420977678312e-01  3.2244590714752569e-01 -4.7354444143357405e-02  6.2123886312982302e-01  2.9882300873428380e-01
42pos_ideal:
-8.7562281117003660e-01  3.2244218384302015e-01  3.2244218384302015e-01 -4.7330962765947948e-02  6.2121888630306643e-01  2.9877670246004623e-01
43 pos_encoder:
-8.5491847950966282e-01  3.3427610685854525e-01  3.3427942509048775e-01 -6.5103639346111283e-02  6.3602410126361320e-01  3.0177724812790058e-01
43pos_ideal:
-8.5491551495993434e-01  3.3427492453450713e-01  3.3427492453450713e-01 -6.5080073803178373e-02  6.3600981216742525e-01  3.0173488763291800e-01
44 pos_encoder:
-8.3421297444888709e-01  3.4610907407073588e-01  3.4611031355757177e-01 -8.2851588641578724e-02  6.5083125359936178e-01  3.0473476636657137e-01
44pos_ideal:
-8.3420821874983220e-01  3.4610766522599412e-01  3.4610766522599412e-01 -8.2829184840408798e-02  6.5080073803178384e-01  3.0469307280578972e-01
45 pos_encoder:
-8.1350518667580130e-01  3.5794123868510513e-01  3.5794149418864224e-01 -1.0059953793704615e-01  6.6561923100839671e-01  3.0769556345029608e-01
45pos_ideal:
-8.1350092253972994e-01  3.5794040591748111e-01  3.5794040591748111e-01 -1.0057829587763933e-01  6.6559166389614266e-01  3.0765125797866144e-01
46 pos_encoder:
-7.9279772500447387e-01  3.6977393836468858e-01  3.6977676511552304e-01 -1.1834811018615682e-01  6.8039899059169739e-01  3.1065745348237206e-01
46pos_ideal:
-7.9279362632962769e-01  3.6977314660896810e-01  3.6977314660896810e-01 -1.1832740691486976e-01  6.8038258976050126e-01  3.1060944315153322e-01
47 pos_encoder:
-7.7209156774018084e-01  3.8162215493548407e-01  3.8160794574659346e-01 -1.3610478083262939e-01  6.9519176173241082e-01  3.1361497172104286e-01
47pos_ideal:
-7.7208633011952554e-01  3.8160588730045508e-01  3.8160588730045508e-01 -1.3607651795210018e-01  6.9517351562486007e-01  3.1356762832440499e-01
48 pos_encoder:
-7.5138312776357763e-01  3.9343853512603427e-01  3.9344146368955552e-01 -1.5384650059166458e-01  7.0999412033648102e-01  3.1657139701136228e-01
48pos_ideal:
-7.5137903390942329e-01  3.9343862799194196e-01  3.9343862799194196e-01 -1.5382562898933072e-01  7.0996444148921878e-01  3.1652581349727671e-01
49 pos_encoder:
-7.3067664439752622e-01  4.0527203740343903e-01  4.0527322864859888e-01 -1.7159694170170492e-01  7.2478072810789373e-01  3.1953219409508699e-01
49pos_ideal:
-7.3067173769932103e-01  4.0527136868342895e-01  4.0527136868342895e-01 -1.7157474002656115e-01  7.2475536735357748e-01  3.1948399867014843e-01
50 pos_encoder:
-7.0997048713323341e-01  4.1710527214823667e-01  4.1710616226358799e-01 -1.8934426804352913e-01  7.3957075997336230e-01  3.2248861938540641e-01
50pos_ideal:
-7.0996444148921900e-01  4.1710410937491593e-01  4.1710410937491593e-01 -1.8932385106379168e-01  7.3954629321793619e-01  3.2244218384302015e-01
51 pos_encoder:
-6.8926172105487149e-01  4.2893690169739174e-01  4.2893821938661791e-01 -2.0709470915356948e-01  7.5435462846953005e-01  3.2544941646913117e-01
51pos_ideal:
-6.8925714527911675e-01  4.2893685006640303e-01  4.2893685006640303e-01 -2.0707296210102211e-01  7.5433721908229501e-01  3.2540036901589198e-01
52 pos_encoder:
-6.6855523768881997e-01  4.4076986890958236e-01  4.4077056867363418e-01 -2.2484452730996657e-01  7.6912890950234114e-01  3.2840802765615329e-01
52pos_ideal:
-6.6854984906901449e-01  4.4076959075789002e-01  4.4076959075789002e-01 -2.2482207313825253e-01  7.6912814494665360e-01  3.2835855418876370e-01
53 pos_encoder:
-6.4784810211925115e-01  4.5260203352395162e-01  4.5260204146869104e-01 -2.4259185365179078e-01  7.8393948593214569e-01  3.3136445294647271e-01
53pos_ideal:
-6.4784255285891224e-01  4.5260233144937700e-01  4.5260233144937700e-01 -2.4257118417548296e-01  7.8391907081101242e-01  3.3131673936163542e-01
54 pos_encoder:
-6.2714031434616524e-01  4.6443607086657068e-01  4.6443526724766665e-01 -2.6034727839097693e-01  7.9870554913922243e-01  3.3432087823679213e-01
54pos_ideal:
-6.2713525664880998e-01  4.6443507214086388e-01  4.6443507214086388e-01 -2.6032029521271349e-01  7.9870999667537124e-01  3.3427492453450713e-01
55 pos_encoder:
-6.0643350487835512e-01  4.7626930561136832e-01  4.7626995384657456e-01 -2.7809522768644435e-01  8.1352160411951657e-01  3.3727730352711155e-01
55pos_ideal:
-6.0642796043870795e-01  4.7626781283235087e-01  4.7626781283235087e-01 -2.7806940624994403e-01  8.1350092253972983e-01  3.3723310970737891e-01
56 pos_encoder:
-5.8572571710526911e-01  4.8810200529095177e-01  4.8810230313359076e-01 -2.9583881630640924e-01  8.2831916899190849e-01  3.4023919355918764e-01
56pos_ideal:
-5.8572066422860569e-01  4.8810055352383785e-01  4.8810055352383785e-01 -2.9581851728717445e-01  8.2829184840408865e-01  3.4019129488025068e-01
57 pos_encoder:
-5.6502021204449338e-01  4.9993363484010683e-01  4.9993348376466129e-01 -3.1359050332373600e-01  8.4310440712569867e-01  3.4319889769456097e-01
57pos_ideal:
-5.6501336801850344e-01  4.9993329421532484e-01  4.9993329421532484e-01 -3.1356762832440499e-01  8.4308277426844735e-01  3.4314948005312240e-01
58 pos_encoder:
-5.4431275037316607e-01  5.1176660205229740e-01  5.1176583305167755e-01 -3.3134966578478148e-01  8.5799647699403592e-01  3.4615313708817780e-01
58pos_ideal:
-5.4430607180840118e-01  5.1176603490681183e-01  5.1176603490681183e-01 -3.3131673936163530e-01  8.5787370013280606e-01  3.4610766522599412e-01
59 pos_encoder:
-5.2360431039656297e-01  5.2359903419927378e-01  5.2359876666666660e-01 -3.4909013963653018e-01  8.7268173158139117e-01  3.4911721301695642e-01
59pos_ideal:
-5.2359877559829882e-01  5.2359877559829882e-01  5.2359877559829882e-01 -3.4906585039886590e-01  8.7266462599716477e-01  3.4906585039886590e-01
60 pos_encoder:
-5.2360789751590764e-01  5.2359635887320277e-01  5.2359292338693786e-01 -3.4907082807359024e-01  8.7265228437250952e-01  3.4909207520487612e-01
60pos_ideal:
-5.2359877559829882e-01  5.2359877559829882e-01  5.2359877559829882e-01 -3.4906585039886590e-01  8.7266462599716477e-01  3.4906585039886590e-01

-----------------------------Sat May 29 21:15:55 2021
-----------------------------

-----------------------------Sat May 29 21:16:17 2021
-----------------------------

-----------------------------Sat May 29 21:17:59 2021
-----------------------------
P_pos_encoder:
-1.7453302005274980e+00 -1.7453265468961512e-01  5.2359935099463950e-01 -3.4906646739808772e-01 -0.0000000000000000e+00  1.7453292222222222e-01
P_pos_ideal:
-1.7453292519943298e+00 -1.7453292519943364e-01  5.2359877559829959e-01 -3.4906585039886617e-01 -7.7715611723760958e-16  1.7453292519943278e-01
1 pos_encoder:
-1.7246191517368259e+00 -1.6269834981438902e-01  5.0584542203036587e-01 -3.3129733767875064e-01  1.4817424617916592e-02  1.7751448532462202e-01
1pos_ideal:
-1.7246219557842273e+00 -1.6270018450794596e-01  5.0584966456106839e-01 -3.3131673936163542e-01  1.4790925864358725e-02  1.7749111037230469e-01
2 pos_encoder:
-1.7039116900654989e+00 -1.5086431247177004e-01  4.8809616768987546e-01 -3.1355250315149930e-01  2.9608141302196411e-02  1.8047309651164409e-01
2pos_ideal:
-1.7039146595741250e+00 -1.5086744381645900e-01  4.8810055352383785e-01 -3.1356762832440499e-01  2.9581851728717450e-02  1.8044929554517644e-01
3 pos_encoder:
-1.6832042283941715e+00 -1.3903081019436525e-01  4.7034574469343915e-01 -2.9580330794874543e-01  4.4411184725077824e-02  1.8343389359536882e-01
3pos_ideal:
-1.6832073633640230e+00 -1.3903470312497201e-01  4.7035144248660743e-01 -2.9581851728717451e-01  4.4372777593076174e-02  1.8340748071804819e-01
4 pos_encoder:
-1.6624983972316369e+00 -1.2719811051478175e-01  4.5259911982882661e-01 -2.7805348979234829e-01  5.9195053221245644e-02  1.8638922593733692e-01
4pos_ideal:
-1.6625000671539207e+00 -1.2720196243348503e-01  4.5260233144937695e-01 -2.7806940624994403e-01  5.9163703457434901e-02  1.8636566589091993e-01
5 pos_encoder:
-1.6417906094585510e+00 -1.1536567836780540e-01  4.3484928116036320e-01 -2.6030616345052410e-01  7.3984400267903080e-02  1.8935002302106163e-01
5pos_ideal:
-1.6417927709438185e+00 -1.1536922174199804e-01  4.3485322041214647e-01 -2.6032029521271355e-01  7.3954629321793627e-02  1.8932385106379168e-01
6 pos_encoder:
-1.6210841260924995e+00 -1.0353297868822195e-01  4.1709856599994050e-01 -2.4255509938684053e-01  8.8771008039315702e-02  1.9231409894984028e-01
6pos_ideal:
-1.6210854747337162e+00 -1.0353648105051108e-01  4.1710410937491599e-01 -2.4257118417548307e-01  8.8745555186152347e-02  1.9228203623666340e-01
7 pos_encoder:
-1.6003776427264480e+00 -9.1701081606459761e-02  3.9935048031539577e-01 -2.2480341236951373e-01  1.0356377918002911e-01  1.9526724539510582e-01
7pos_ideal:
-1.6003781785236140e+00 -9.1703740359024094e-02  3.9935499833768551e-01 -2.2482207313825261e-01  1.0353648105051108e-01  1.9524022140953518e-01
8 pos_encoder:
-1.5796682244445690e+00 -7.9867846861662095e-02  3.8160122597490520e-01 -2.0705234830583019e-01  1.1835791995836495e-01  1.9822476363377656e-01
8pos_ideal:
-1.5796708823135117e+00 -7.9870999667537107e-02  3.8160588730045503e-01 -2.0707296210102216e-01  1.1832740691486980e-01  1.9819840658240689e-01
9 pos_encoder:
-1.5589623932820347e+00 -6.8035949779899935e-02  3.6385138730644179e-01 -1.8930626787129243e-01  1.3314384291096637e-01  2.0118665366585256e-01
9pos_ideal:
-1.5589635861034097e+00 -6.8038258976050134e-02  3.6385677626322460e-01 -1.8932385106379168e-01  1.3311833277922852e-01  2.0115659175527864e-01
10 pos_encoder:
-1.5382549316107075e+00 -5.6202179969888029e-02  3.4610067214601908e-01 -1.7155146608574953e-01  1.4793935332692459e-01  2.0414417190452336e-01
10pos_ideal:
-1.5382562898933074e+00 -5.6205518284563147e-02  3.4610766522599412e-01 -1.7157474002656123e-01  1.4790925864358725e-01  2.0411477692815039e-01
11 pos_encoder:
-1.5175471438376213e+00 -4.4370282888125875e-02  3.2835258646147436e-01 -1.5380476269756854e-01  1.6273075483001562e-01  2.0710606193659939e-01
11pos_ideal:
-1.5175489936832052e+00 -4.4372777593076174e-02  3.2835855418876364e-01 -1.5382562898933075e-01  1.6270018450794596e-01  2.0707296210102213e-01
12 pos_encoder:
-1.4968409865733285e+00 -3.2537048143328189e-02  3.1060362428497029e-01 -1.3605681340210110e-01  1.7751873223905065e-01  2.1006358017527013e-01
12pos_ideal:
-1.4968416974731029e+00 -3.2540036901589214e-02  3.1060944315153316e-01 -1.3607651795210027e-01  1.7749111037230469e-01  2.1003114727389388e-01
13 pos_encoder:
-1.4761331988002424e+00 -2.0704080931137611e-02  2.9285378561650693e-01 -1.1830637229206077e-01  1.9231355783619766e-01  2.1302547020734619e-01
13pos_ideal:
-1.4761344012630007e+00 -2.0707296210102200e-02  2.9286033211430268e-01 -1.1832740691486981e-01  1.9228203623666340e-01  2.1298933244676563e-01
14 pos_encoder:
-1.4554260632306737e+00 -8.8713812515541380e-03  2.7510482344000287e-01 -1.0055530822837722e-01  2.0709674151355431e-01  2.1597861665261167e-01
14pos_ideal:
-1.4554271050528986e+00 -8.8745555186152403e-03  2.7511122107707225e-01 -1.0057829587763933e-01  2.0707296210102216e-01  2.1594751761963737e-01
15 pos_encoder:
-1.4347205581698981e+00  2.9610508954222318e-03  2.5735556909951229e-01 -8.2809227793839466e-02  2.2191485095028207e-01  2.1894159963303902e-01
15pos_ideal:
-1.4347198088427964e+00  2.9581851728717468e-03  2.5736211003984183e-01 -8.2829184840408909e-02  2.2186388796538087e-01  2.1890570279250912e-01
16 pos_encoder:
-1.4140114659897776e+00  1.4794285640219913e-02  2.3960339311915738e-01 -6.5060032591085573e-02  2.3668433825141474e-01  2.2190021082006112e-01
16pos_ideal:
-1.4140125126326941e+00  1.4790925864358734e-02  2.3961299900261132e-01 -6.5080073803178429e-02  2.3665481382973960e-01  2.2186388796538087e-01
17 pos_encoder:
-1.3933049826237263e+00  2.6625915189374974e-02  2.2185793691049061e-01 -4.7305853759185890e-02  2.5147573975450571e-01  2.2485335726532657e-01
17pos_ideal:
-1.3933052164225919e+00  2.6623666555845693e-02  2.2186388796538084e-01 -4.7330962765947948e-02  2.5144573969409834e-01  2.2482207313825261e-01
18 pos_encoder:
-1.3725981731559160e+00  3.8459149934172654e-02  2.0410809824202722e-01 -2.9561642185577806e-02  2.6626097788829595e-01  2.2781196845234863e-01
18pos_ideal:
-1.3725979202124896e+00  3.8456407247332680e-02  2.0411477692815039e-01 -2.9581851728717468e-02  2.6623666555845704e-01  2.2778025831112436e-01
19 pos_encoder:
-1.3518894070775542e+00  5.0291582081149026e-02  1.8635825957356383e-01 -1.1813069936467146e-02  2.8103115000823986e-01  2.3077167258772208e-01
19pos_ideal:
-1.3518906240023876e+00  5.0289147938819667e-02  1.8636566589091991e-01 -1.1832740691486987e-02  2.8102759142281575e-01  2.3073844348399611e-01
20 pos_encoder:
-1.3311839020167786e+00  6.2124816825946706e-02  1.6860842090510042e-01  5.9460925245783313e-03  2.9584788980734522e-01  2.3373246967144676e-01
20pos_ideal:
-1.3311833277922851e+00  6.2121888630306654e-02  1.6861655485368943e-01  5.9163703457434380e-03  2.9581851728717451e-01  2.3369662865686786e-01
21 pos_encoder:
-1.3104761142436927e+00  7.3957248972923065e-02  1.5085975089258280e-01  2.3689058190899972e-02  3.1060231109463149e-01  2.3668780201341488e-01
21pos_ideal:
-1.3104760315821831e+00  7.3954629321793613e-02  1.5086744381645897e-01  2.3665481382973974e-02  3.1060944315153322e-01  2.3665481382973957e-01
22 pos_encoder:
-1.2897696308776410e+00  8.5789681119899458e-02  1.3310903573216007e-01  4.1435138625437733e-02  3.2542658390066009e-01  2.3964532025208563e-01
22pos_ideal:
-1.2897687353720808e+00  8.5787370013280601e-02  1.3311833277922849e-01  4.1414592420204399e-02  3.2540036901589192e-01  2.3961299900261135e-01
23 pos_encoder:
-1.2690628214098310e+00  9.7623450929911329e-02  1.1535948922768312e-01  5.9185579735478062e-02  3.4020154975228234e-01  2.4260283849075642e-01
23pos_ideal:
-1.2690614391619786e+00  9.7620110704767588e-02  1.1536922174199804e-01  5.9163703457434880e-02  3.4019129488025063e-01  2.4257118417548307e-01
24 pos_encoder:
-1.2483547075349863e+00  1.0945588307688771e-01  9.7611695707124829e-02  7.6934151984588722e-02  3.5500733245040850e-01  2.4556472852283243e-01
24pos_ideal:
-1.2483541429518765e+00  1.0945285139625452e-01  9.7620110704767574e-02  7.6912814494665360e-02  3.5498222074460939e-01  2.4552936934835481e-01
25 pos_encoder:
-1.2276488763724520e+00  1.2128885028907828e-01  7.9863025694607195e-02  9.4683347187342601e-02  3.6989186931182261e-01  2.4851896791644923e-01
25pos_ideal:
-1.2276468467417743e+00  1.2128559208774151e-01  7.9870999667537107e-02  9.4661925531895841e-02  3.6977314660896810e-01  2.4848755452122656e-01
26 pos_encoder:
-1.2069407624976074e+00  1.3312074737084043e-01  6.2111434042225126e-02  1.1242818171459391e-01  3.8458739618134580e-01  2.5148085794852526e-01
26pos_ideal:
-1.2069395505316720e+00  1.3311833277922855e-01  6.2121888630306640e-02  1.1241103656912627e-01  3.8456407247332680e-01  2.5144573969409834e-01
27 pos_encoder:
-1.1862336269280387e+00  1.4495291198520971e-01  4.4363056193693948e-02  1.3018111463920715e-01  3.9937879768443674e-01  2.5444056208389865e-01
27pos_ideal:
-1.1862322543215698e+00  1.4495107347071548e-01  4.4372777593076167e-02  1.3016014760635675e-01  3.9935499833768562e-01  2.5440392486697005e-01
28 pos_encoder:
-1.1655271435619872e+00  1.5678561166479318e-01  2.6615847001108545e-02  1.4793529347110684e-01  4.1417225364396143e-01  2.5739808032256944e-01
28pos_ideal:
-1.1655249581114675e+00  1.5678381416220247e-01  2.6623666555845703e-02  1.4790925864358723e-01  4.1414592420204432e-01  2.5736211003984177e-01
29 pos_encoder:
-1.1448193557889013e+00  1.6861831134437666e-01  8.8651318406858092e-03  1.6568261981293103e-01  4.2894242576390523e-01  2.6035887740629415e-01
29pos_ideal:
-1.1448176619013655e+00  1.6861655485368945e-01  8.8745555186152333e-03  1.6565836968081765e-01  4.2893685006640303e-01  2.6032029521271355e-01
30 pos_encoder:
-1.1241122202193323e+00  1.8045101102396013e-01 -8.8835381718318143e-03  1.8342994615475527e-01  4.4374752364322023e-01  2.6331639564496490e-01
30pos_ideal:
-1.1241103656912630e+00  1.8044929554517644e-01 -8.8745555186152333e-03  1.8340748071804808e-01  4.4372777593076174e-01  2.6327848038558532e-01
31 pos_encoder:
-1.1034060629550395e+00  1.9228317563832939e-01 -2.6631623856376546e-02  2.0118101021843882e-01  4.5855056706610164e-01  2.6628702926385145e-01
31pos_ideal:
-1.1034030694811610e+00  1.9228203623666343e-01 -2.6623666555845703e-02  2.0115659175527861e-01  4.5851870179512050e-01  2.6623666555845704e-01
32 pos_encoder:
-1.0826976229784364e+00  2.0411641038312708e-01 -4.4382631180785732e-02  2.1892709065297658e-01  4.7333443556226951e-01  2.6923252507065776e-01
32pos_ideal:
-1.0826957732710587e+00  2.0411477692815042e-01 -4.4372777593076167e-02  2.1890570279250904e-01  4.7330962765947920e-01  2.6919485073132876e-01
33 pos_encoder:
-1.0619924440194193e+00  2.1594964512792478e-01 -6.2132762013235573e-02  2.3667067927294141e-01  4.8812172815249333e-01  2.7219222920603114e-01
33pos_ideal:
-1.0619884770609564e+00  2.1594751761963735e-01 -6.2121888630306640e-02  2.3665481382973957e-01  4.8810055352383791e-01  2.7215303590420054e-01
34 pos_encoder:
-1.0412843301445744e+00  2.2778287987272244e-01 -7.9881139861766759e-02  2.5442921878034369e-01  5.0291518411201785e-01  2.7514865449635056e-01
34pos_ideal:
-1.0412811808508544e+00  2.2778025831112433e-01 -7.9870999667537107e-02  2.5440392486697000e-01  5.0289147938819667e-01  2.7511122107707225e-01
35 pos_encoder:
-1.0205765423714888e+00  2.3961531201969882e-01 -9.7628933382325048e-02  2.7217903693674078e-01  5.1770453115867532e-01  2.7811163747677797e-01
35pos_ideal:
-1.0205738846407519e+00  2.3961299900261138e-01 -9.7620110704767574e-02  2.7215303590420042e-01  5.1768240525255538e-01  2.7806940624994403e-01
36 pos_encoder:
-9.9987071120895443e-01  2.5144774416667520e-01 -1.1537847988680200e-01  2.8992200260306245e-01  5.3249524784295521e-01  2.8107024866379998e-01
36pos_ideal:
-9.9986658843064979e-01  2.5144573969409834e-01 -1.1536922174199804e-01  2.8990214694143096e-01  5.3247333111691408e-01  2.8102759142281575e-01
37 pos_encoder:
-9.7916194513059263e-01  2.6328017631365158e-01 -1.3312861071925183e-01  3.0767929620317830e-01  5.4728733416485742e-01  2.8402667395411946e-01
37pos_ideal:
-9.7915929222054765e-01  2.6327848038558532e-01 -1.3311833277922849e-01  3.0765125797866150e-01  5.4726425698127290e-01  2.8398577659568752e-01
38 pos_encoder:
-9.5845480956102391e-01  2.7511234092802084e-01 -1.5087640423981014e-01  3.2542350777678636e-01  5.6208010530557095e-01  2.8698637808949284e-01
38pos_ideal:
-9.5845199601044540e-01  2.7511122107707231e-01 -1.5086744381645897e-01  3.2540036901589192e-01  5.6205518284563150e-01  2.8694396176855924e-01
39 pos_encoder:
-9.3774800009321368e-01  2.8694530814021141e-01 -1.6862770372820579e-01  3.4317830956232920e-01  5.7685644079481546e-01  2.8994171043146100e-01
39pos_ideal:
-9.3774469980034314e-01  2.8694396176855930e-01 -1.6861655485368943e-01  3.4314948005312235e-01  5.7684610870999031e-01  2.8990214694143102e-01
40 pos_encoder:
-9.1704086452364497e-01  2.9877747275458066e-01 -1.8637666590470983e-01  3.6092563590415339e-01  5.9166016903650809e-01  2.9290250751518571e-01
40pos_ideal:
-9.1703740359024088e-01  2.9877670246004628e-01 -1.8636566589091991e-01  3.6089859109035277e-01  5.9163703457434902e-01  2.9286033211430273e-01
41 pos_encoder:
-8.9633405505583474e-01  3.1060990490155704e-01 -2.0412562808121390e-01  3.7867296224597768e-01  6.0645088572078798e-01  2.9586111870220777e-01
41pos_ideal:
-8.9633010738013874e-01  3.1060944315153316e-01 -2.0411477692815039e-01  3.7864770212758331e-01  6.0642796043870772e-01  2.9581851728717445e-01
42 pos_encoder:
-8.7562724558802474e-01  3.2244394224417605e-01 -2.2187546674967729e-01  3.9642464926330440e-01  6.2123886312982302e-01  2.9881863694087851e-01
42pos_ideal:
-8.7562281117003660e-01  3.2244218384302015e-01 -2.2186388796538084e-01  3.9639681316481384e-01  6.2121888630306643e-01  2.9877670246004623e-01
43 pos_encoder:
-8.5491847950966282e-01  3.3427610685854525e-01 -2.3962413676219491e-01  4.1416823788326934e-01  6.3602615572004684e-01  3.0177615517954925e-01
43pos_ideal:
-8.5491551495993434e-01  3.3427492453450713e-01 -2.3961299900261132e-01  4.1414592420204427e-01  6.3600981216742525e-01  3.0173488763291800e-01
44 pos_encoder:
-8.3421264834712849e-01  3.4610960913595007e-01 -2.5737397543065832e-01  4.3192054785423928e-01  6.5082098131719368e-01  3.0473804521162529e-01
44pos_ideal:
-8.3420821874983220e-01  3.4610766522599412e-01 -2.5736211003984183e-01  4.3189503523927469e-01  6.5080073803178384e-01  3.0469307280578972e-01
45 pos_encoder:
-8.1350551277755978e-01  3.5794177375031938e-01 -2.7512176895121659e-01  4.4966725124242030e-01  6.6561375245790722e-01  3.0769774934699873e-01
45pos_ideal:
-8.1350092253972994e-01  3.5794040591748111e-01 -2.7511122107707225e-01  4.4964414627650523e-01  6.6559166389614266e-01  3.0765125797866144e-01
46 pos_encoder:
-7.9279837720799107e-01  3.6977500849511702e-01 -2.9287277627562580e-01  4.6741457758424448e-01  6.8040857805505428e-01  3.1065526758566941e-01
46pos_ideal:
-7.9279362632962769e-01  3.6977314660896810e-01 -2.9286033211430268e-01  4.6739325731373565e-01  6.8038258976050126e-01  3.1060944315153322e-01
47 pos_encoder:
-7.7209124163842235e-01  3.8160744064209334e-01 -3.1062319927206211e-01  4.8517560890621964e-01  6.9519244655122203e-01  3.1361715761774550e-01
47pos_ideal:
-7.7208633011952554e-01  3.8160588730045508e-01 -3.1060944315153316e-01  4.8514236835096608e-01  6.9517351562486007e-01  3.1356762832440499e-01
48 pos_encoder:
-7.5138410606885364e-01  3.9343987278906972e-01 -3.2837070062863394e-01  5.0291421389703872e-01  7.1001398008200589e-01  3.1657139701136228e-01
48pos_ideal:
-7.5137903390942329e-01  3.9343862799194196e-01 -3.2835855418876364e-01  5.0289147938819667e-01  7.0996444148921878e-01  3.1652581349727671e-01
49 pos_encoder:
-7.3067729660104341e-01  4.0527176987083191e-01 -3.4611907847716511e-01  5.2066901568258162e-01  7.2477730401383755e-01  3.1953437999178963e-01
49pos_ideal:
-7.3067173769932103e-01  4.0527136868342895e-01 -3.4610766522599412e-01  5.2064059042542699e-01  7.2475536735357748e-01  3.1948399867014843e-01
50 pos_encoder:
-7.0997016103147470e-01  4.1710446955041536e-01 -3.6386920930961497e-01  5.3841011248797355e-01  7.3953583421399116e-01  3.2248752643705514e-01
50pos_ideal:
-7.0996444148921900e-01  4.1710410937491593e-01 -3.6385677626322460e-01  5.3838970146265752e-01  7.3954629321793619e-01  3.2244218384302015e-01
51 pos_encoder:
-6.8926172105487149e-01  4.2893770429521311e-01 -3.8161963230605117e-01  5.5616304541258677e-01  7.5435394365071884e-01  3.2544832352077985e-01
51pos_ideal:
-6.8925714527911675e-01  4.2893685006640303e-01 -3.8160588730045503e-01  5.5613881249988806e-01  7.5433721908229501e-01  3.2540036901589198e-01
52 pos_encoder:
-6.6855621599409576e-01  4.4077040397479650e-01 -3.9936596500667731e-01  5.7391099470805418e-01  7.6911726758255083e-01  3.2840802765615329e-01
52pos_ideal:
-6.6854984906901449e-01  4.4076959075789002e-01 -3.9935499833768551e-01  5.7388792353711837e-01  7.6912814494665360e-01  3.2835855418876370e-01
53 pos_encoder:
-6.4784842822100985e-01  4.5260337118698712e-01 -4.1711814098703220e-01  5.9165894400352159e-01  7.8394085556976811e-01  3.3136335999812133e-01
53pos_ideal:
-6.4784255285891224e-01  4.5260233144937700e-01 -4.1710410937491599e-01  5.9163703457434891e-01  7.8391907081101242e-01  3.3131673936163542e-01
54 pos_encoder:
-6.2714096654968254e-01  4.6443633839917770e-01 -4.3486535017961769e-01  6.0941187692813492e-01  7.9868842866894252e-01  3.3432087823679213e-01
54pos_ideal:
-6.2713525664880998e-01  4.6443507214086388e-01 -4.3485322041214647e-01  6.0938614561157944e-01  7.9870999667537124e-01  3.3427492453450713e-01

-----------------------------Sat May 29 21:30:16 2021
-----------------------------

-----------------------------Sat May 29 21:33:06 2021
-----------------------------
P_pos_encoder:
-1.7453292222222223e+00 -1.7453292222222222e-01  5.2359847450268027e-01 -3.4906522149080121e-01 -1.7453292222222222e-01 -1.7453292222222222e-01
P_pos_ideal:
-1.7453292519943289e+00 -1.7453292519943236e-01  5.2359877559829782e-01 -3.4906585039886495e-01 -1.7453292519943209e-01 -1.7453292519943253e-01
1 pos_encoder:
-1.7246201300421018e+00 -1.6269834981438902e-01  5.0584542203036587e-01 -3.3721290547481092e-01 -1.5382742546561512e-01 -1.8344263718217937e-01
1pos_ideal:
-1.7246219557842273e+00 -1.6270018450794596e-01  5.0584966456106839e-01 -3.3723310970737891e-01 -1.5382562898933072e-01 -1.8340748071804819e-01
2 pos_encoder:
-1.7039123422690159e+00 -1.5086431247177004e-01  4.8809645985386191e-01 -3.2538052397540385e-01 -1.3308563331201442e-01 -1.9231737779489427e-01
2pos_ideal:
-1.7039146595741250e+00 -1.5086744381645900e-01  4.8810055352383785e-01 -3.2540036901589192e-01 -1.3311833277922852e-01 -1.9228203623666340e-01
3 pos_encoder:
-1.6832045544959300e+00 -1.3903054266175816e-01  4.7034632902141199e-01 -3.1354876542963994e-01 -1.1238835438114171e-01 -2.0119321135596052e-01
3pos_ideal:
-1.6832073633640230e+00 -1.3903470312497201e-01  4.7035144248660743e-01 -3.1356762832440499e-01 -1.1241103656912631e-01 -2.0115659175527864e-01
4 pos_encoder:
-1.6624983972316369e+00 -1.2719837804738887e-01  4.5259678251693508e-01 -3.0171762983751926e-01 -9.1675324617611409e-02 -2.1006795196867545e-01
4pos_ideal:
-1.6625000671539207e+00 -1.2720196243348503e-01  4.5260233144937695e-01 -3.0173488763291800e-01 -9.1703740359024094e-02 -2.1003114727389388e-01
5 pos_encoder:
-1.6417886528479995e+00 -1.1536541083519831e-01  4.3484343788063434e-01 -2.8987777289439348e-01 -7.0940380652122742e-02 -2.1893941373633635e-01
5pos_ideal:
-1.6417927709438185e+00 -1.1536922174199804e-01  4.3485322041214647e-01 -2.8990214694143102e-01 -7.0996444148921867e-02 -2.1890570279250912e-01
6 pos_encoder:
-1.6210824955837067e+00 -1.0353244362300773e-01  4.1709476786811672e-01 -2.7804912911684576e-01 -5.0322540703349114e-02 -2.2781743319410527e-01
6pos_ideal:
-1.6210854747337162e+00 -1.0353648105051108e-01  4.1710410937491599e-01 -2.7806940624994403e-01 -5.0289147938819667e-02 -2.2778025831112436e-01
7 pos_encoder:
-1.6003769905229306e+00 -9.1700814073852652e-02  3.9934931165944992e-01 -2.6621550171015218e-01 -2.9545137971566091e-02 -2.3669108085846888e-01
7pos_ideal:
-1.6003781785236140e+00 -9.1703740359024094e-02  3.9935499833768551e-01 -2.6623666555845704e-01 -2.9581851728717468e-02 -2.3665481382973957e-01
8 pos_encoder:
-1.5796682244445690e+00 -7.9868114394269191e-02  3.8160005731895946e-01 -2.5437875953524247e-01 -8.8389563961477763e-03 -2.4556472852283243e-01
8pos_ideal:
-1.5796708823135117e+00 -7.9870999667537107e-02  3.8160588730045503e-01 -2.5440392486697005e-01 -8.8745555186152403e-03 -2.4552936934835481e-01
9 pos_encoder:
-1.5589623932820347e+00 -6.8035682247292825e-02  3.6385109514245539e-01 -2.4254886985040827e-01  1.1862431447592142e-02 -2.5444274798060129e-01
9pos_ideal:
-1.5589635861034097e+00 -6.8038258976050134e-02  3.6385677626322460e-01 -2.4257118417548310e-01  1.1832740691486987e-02 -2.5440392486697005e-01
10 pos_encoder:
-1.5382552577124657e+00 -5.6202982567709350e-02  3.4610184080196493e-01 -2.3071773425828759e-01  3.2571352298255252e-02 -2.6331639564496490e-01
10pos_ideal:
-1.5382562898933074e+00 -5.6205518284563147e-02  3.4610766522599412e-01 -2.3073844348399611e-01  3.2540036901589214e-02 -2.6327848038558527e-01
11 pos_encoder:
-1.5175468177358626e+00 -4.4370015355518766e-02  3.2835200213350146e-01 -2.1888472980523729e-01  5.3285066880596754e-02 -2.7219222920603114e-01
11pos_ideal:
-1.5175489936832052e+00 -4.4372777593076174e-02  3.2835855418876364e-01 -2.1890570279250912e-01  5.3247333111691386e-02 -2.7215303590420054e-01
12 pos_encoder:
-1.4968409865733285e+00 -3.2536513078113984e-02  3.1060245562902455e-01 -2.0704861058397084e-01  7.3985769905525481e-02 -2.8106478392204343e-01
12pos_ideal:
-1.4968416974731029e+00 -3.2540036901589214e-02  3.1060944315153316e-01 -2.0707296210102213e-01  7.3954629321793613e-02 -2.8102759142281575e-01
13 pos_encoder:
-1.4761328726984841e+00 -2.0704080931137611e-02  2.9285349345252049e-01 -1.9522058976006634e-01  9.4695375574999796e-02 -2.8994498927651491e-01
13pos_ideal:
-1.4761344012630007e+00 -2.0707296210102200e-02  2.9286033211430268e-01 -1.9524022140953515e-01  9.4661925531895813e-02 -2.8990214694143102e-01
14 pos_encoder:
-1.4554257371289152e+00 -8.8713812515541380e-03  2.7510336262007062e-01 -1.8338571644608631e-01  1.1537553403559253e-01 -2.9881535809582455e-01
14pos_ideal:
-1.4554271050528986e+00 -8.8745555186152403e-03  2.7511122107707225e-01 -1.8340748071804819e-01  1.1536922174199801e-01 -2.9877670246004623e-01
15 pos_encoder:
-1.4347195798646222e+00  2.9610508954222318e-03  2.5735440044356656e-01 -1.7154897427117663e-01  1.3608719416150045e-01 -3.0769337755359344e-01
15pos_ideal:
-1.4347198088427964e+00  2.9581851728717468e-03  2.5736211003984183e-01 -1.7157474002656120e-01  1.3607651795210027e-01 -3.0765125797866144e-01
16 pos_encoder:
-1.4140114659897776e+00  1.4793750575005708e-02  2.3960426961111669e-01 -1.5971783867905595e-01  1.5682076848936674e-01 -3.1656483932125440e-01
16pos_ideal:
-1.4140125126326941e+00  1.4790925864358734e-02  2.3961299900261132e-01 -1.5974199933507421e-01  1.5678381416220247e-01 -3.1652581349727671e-01
17 pos_encoder:
-1.3933046565219676e+00  2.6625915189374974e-02  2.2185618392657197e-01 -1.4788421127236243e-01  1.7752421078954023e-01 -3.2544176583067191e-01
17pos_ideal:
-1.3933052164225919e+00  2.6623666555845693e-02  2.2186388796538084e-01 -1.4790925864358723e-01  1.7749111037230467e-01 -3.2540036901589192e-01
18 pos_encoder:
-1.3725984992576745e+00  3.8458882401565551e-02  2.0410692958608145e-01 -1.3605182977295532e-01  1.9822765308971371e-01 -3.3431432054668420e-01
18pos_ideal:
-1.3725979202124896e+00  3.8456407247332680e-02  2.0411477692815039e-01 -1.3607651795210027e-01  1.9819840658240692e-01 -3.3427492453450713e-01
19 pos_encoder:
-1.3518900592810716e+00  5.0291047015934814e-02  1.8635825957356383e-01 -1.2421944827354822e-01  2.1893657394037686e-01 -3.4318906115939912e-01
19pos_ideal:
-1.3518906240023876e+00  5.0289147938819667e-02  1.8636566589091991e-01 -1.2424377726061328e-01  2.1890570279250912e-01 -3.4314948005312240e-01
20 pos_encoder:
-1.3311839020167786e+00  6.2124281760732494e-02  1.6860783657712755e-01 -1.1238644382049788e-01  2.3965097334152957e-01 -3.5206489472046532e-01
20pos_ideal:
-1.3311833277922851e+00  6.2121888630306654e-02  1.6861655485368943e-01 -1.1241103656912629e-01  2.3961299900261138e-01 -3.5202403557173761e-01
21 pos_encoder:
-1.3104757881419340e+00  7.3957516505530174e-02  1.5085799790866414e-01 -1.0054970164558819e-01  2.6035236118526950e-01 -3.6094182122988289e-01
21pos_ideal:
-1.3104760315821831e+00  7.3954629321793613e-02  1.5086744381645897e-01 -1.0057829587763933e-01  2.6032029521271349e-01 -3.6089859109035288e-01
22 pos_encoder:
-1.2897693047758823e+00  8.5789948652506554e-02  1.3310845140418717e-01 -8.8717943099824309e-02  2.8103594373991825e-01 -3.6981219004919252e-01
22pos_ideal:
-1.2897687353720808e+00  8.5787370013280601e-02  1.3311833277922849e-01 -8.8745555186152347e-02  2.8102759142281575e-01 -3.6977314660896810e-01
23 pos_encoder:
-1.2690624953080722e+00  9.7622380799482919e-02  1.1535861273572377e-01 -7.6886184554060433e-02  3.0189552472904518e-01 -3.7869239540366401e-01
23pos_ideal:
-1.2690614391619786e+00  9.7620110704767588e-02  1.1536922174199804e-01 -7.6912814494665360e-02  3.0173488763291800e-01 -3.7864770212758336e-01
24 pos_encoder:
-1.2483543814332276e+00  1.0945588307688771e-01  9.7610819215165498e-02 -6.5058786683799122e-02  3.2248049337488127e-01 -3.8756713601637893e-01
24pos_ideal:
-1.2483541429518765e+00  1.0945285139625452e-01  9.7620110704767574e-02 -6.5080073803178387e-02  3.2244218384302015e-01 -3.8752225764619858e-01
25 pos_encoder:
-1.2276492024742107e+00  1.2128858275647117e-01  7.9862149202647864e-02 -5.3219552694316552e-02  3.4318325085624352e-01 -3.9643641188733725e-01
25pos_ideal:
-1.2276468467417743e+00  1.2128559208774151e-01  7.9870999667537107e-02 -5.3247333111691414e-02  3.4314948005312229e-01 -3.9639681316481379e-01
26 pos_encoder:
-1.2069410885993661e+00  1.3312101490344755e-01  6.2111141878238678e-02 -4.1392777777698460e-02  3.6388874761285062e-01 -4.0531115250005217e-01
26pos_ideal:
-1.2069395505316720e+00  1.3311833277922855e-01  6.2121888630306640e-02 -4.1414592420204427e-02  3.6385677626322455e-01 -4.0527136868342906e-01
27 pos_encoder:
-1.1862333008262802e+00  1.4495237691999552e-01  4.4363640521666831e-02 -2.9555412649145563e-02  3.8459629882589136e-01 -4.1419135785452371e-01
27pos_ideal:
-1.1862322543215698e+00  1.4495107347071548e-01  4.4372777593076167e-02 -2.9581851728717447e-02  3.8456407247332680e-01 -4.1414592420204427e-01
28 pos_encoder:
-1.1655277957655044e+00  1.5678534413218609e-01  2.6614678345162766e-02 -1.7720539335165559e-02  4.0533055797256878e-01 -4.2306281962218467e-01
28pos_ideal:
-1.1655249581114675e+00  1.5678381416220247e-01  2.6623666555845703e-02 -1.7749111037230470e-02  4.0527136868342895e-01 -4.2302047972065948e-01
29 pos_encoder:
-1.1448190296871426e+00  1.6861777627916244e-01  8.8630866927806966e-03 -5.8869119284719988e-03  4.2601824944008471e-01 -4.3193974613160224e-01
29pos_ideal:
-1.1448176619013655e+00  1.6861655485368945e-01  8.8745555186152333e-03 -5.9163703457434901e-03  4.2597866489353120e-01 -4.3189503523927475e-01
30 pos_encoder:
-1.1241125463210910e+00  1.8045074349135304e-01 -8.8852911557504820e-03  5.9479613855080047e-03  4.4672990956599268e-01 -4.4081230084761452e-01
30pos_ideal:
-1.1241103656912630e+00  1.8044929554517644e-01 -8.8745555186152333e-03  5.9163703457434901e-03  4.4668596110363346e-01 -4.4076959075788991e-01
31 pos_encoder:
-1.1034054107515223e+00  1.9228317563832939e-01 -2.6632500348335884e-02  1.7779719931271889e-02  4.6745115715525737e-01 -4.4968704146032940e-01
31pos_ideal:
-1.1034030694811610e+00  1.9228203623666343e-01 -2.6623666555845703e-02  1.7749111037230470e-02  4.6739325731373560e-01 -4.4964414627650517e-01
32 pos_encoder:
-1.0826976229784364e+00  2.0411641038312708e-01 -4.4382923344772174e-02  2.9612724384322216e-02  4.8813679416633970e-01 -4.5855959617634168e-01
32pos_ideal:
-1.0826957732710587e+00  2.0411477692815042e-01 -4.4372777593076167e-02  2.9581851728717447e-02  4.8810055352383785e-01 -4.5851870179512044e-01
33 pos_encoder:
-1.0619911396123847e+00  2.1594937759531768e-01 -6.2133930669181353e-02  4.1438876347297079e-02  5.0884297574175807e-01 -4.6743542973740793e-01
33pos_ideal:
-1.0619884770609564e+00  2.1594751761963735e-01 -6.2121888630306640e-02  4.1414592420204427e-02  5.0880784973394011e-01 -4.6739325731373571e-01
34 pos_encoder:
-1.0412843301445744e+00  2.2778261234011532e-01 -7.9882016353726090e-02  5.3272503753990633e-02  5.2955189659242108e-01 -4.7630907740177147e-01
34pos_ideal:
-1.0412811808508544e+00  2.2778025831112433e-01 -7.9870999667537107e-02  5.3247333111691414e-02  5.2951514594404225e-01 -4.7626781283235087e-01
35 pos_encoder:
-1.0205762162697301e+00  2.3961531201969882e-01 -9.7630978530230159e-02  6.5115475465332556e-02  5.5025807816783945e-01 -4.8518381801448640e-01
35pos_ideal:
-1.0205738846407519e+00  2.3961299900261138e-01 -9.7620110704767574e-02  6.5080073803178387e-02  5.5022244215414451e-01 -4.8514236835096614e-01
36 pos_encoder:
-9.9987038510719572e-01  2.5144747663406808e-01 -1.1538052503470712e-01  7.6939758567377739e-02  5.7096015083039053e-01 -4.9405746567885006e-01
36pos_ideal:
-9.9986658843064979e-01  2.5144573969409834e-01 -1.1536922174199804e-01  7.6912814494665360e-02  5.7092973836424676e-01 -4.9401692386958140e-01
37 pos_encoder:
-9.7916227123235133e-01  2.6327990878104446e-01 -1.3313124019512984e-01  8.8775254835000969e-02  5.9167591986916557e-01 -5.0293111334321361e-01
37pos_ideal:
-9.7915929222054765e-01  2.6327848038558532e-01 -1.3311833277922849e-01  8.8745555186152347e-02  5.9163703457434891e-01 -5.0289147938819667e-01
38 pos_encoder:
-9.5845448345926521e-01  2.7511260846062791e-01 -1.5087815722372880e-01  1.0060576747347842e-01  6.1240675492178709e-01 -5.1180913280098250e-01
38pos_ideal:
-9.5845199601044540e-01  2.7511122107707231e-01 -1.5086744381645897e-01  1.0057829587763933e-01  6.1234433078445116e-01 -5.1176603490681183e-01
39 pos_encoder:
-9.3774930450024807e-01  2.8694477307499716e-01 -1.6862624290827355e-01  1.1244001783381520e-01  6.3302322523293841e-01 -5.2068496636204864e-01
39pos_ideal:
-9.3774469980034314e-01  2.8694396176855930e-01 -1.6861655485368943e-01  1.1241103656912629e-01  6.3305162699455342e-01 -5.2064059042542710e-01
40 pos_encoder:
-9.1704021232012767e-01  2.9877693768936653e-01 -1.8637578941275049e-01  1.2427115342593584e-01  6.5379104050136461e-01 -5.2955970697476362e-01
40pos_ideal:
-9.1703740359024088e-01  2.9877670246004628e-01 -1.8636566589091991e-01  1.2424377726061328e-01  6.5375892320465567e-01 -5.2951514594404225e-01
41 pos_encoder:
-8.9633405505583474e-01  3.1060990490155704e-01 -2.0412533591722745e-01  1.3610789560084552e-01  6.7450064617083894e-01 -5.3842898284572194e-01
41pos_ideal:
-8.9633010738013874e-01  3.1060944315153316e-01 -2.0411477692815039e-01  1.3607651795210027e-01  6.7446621941475782e-01 -5.3838970146265752e-01
42 pos_encoder:
-8.7562724558802474e-01  3.2244340717896181e-01 -2.2187517458569087e-01  1.4794526072939843e-01  6.9521504557199154e-01 -5.4730700230349083e-01
42pos_ideal:
-8.7562281117003660e-01  3.2244218384302015e-01 -2.2186388796538084e-01  1.4790925864358723e-01  6.9517351562485996e-01 -5.4726425698127279e-01
43 pos_encoder:
-8.5491880561142153e-01  3.3427610685854525e-01 -2.3962793489401871e-01  1.5977141269237327e-01  7.1591848787216505e-01 -5.5618174291620570e-01
43pos_ideal:
-8.5491551495993434e-01  3.3427492453450713e-01 -2.3961299900261132e-01  1.5974199933507421e-01  7.1588081183496222e-01 -5.5613881249988806e-01
44 pos_encoder:
-8.3421297444888709e-01  3.4610907407073588e-01 -2.5737455975863122e-01  1.7160254828449395e-01  7.3662672390401707e-01 -5.6505757647727206e-01
44pos_ideal:
-8.3420821874983220e-01  3.4610766522599412e-01 -2.5736211003984183e-01  1.7157474002656120e-01  7.3658810804506436e-01 -5.6501336801850321e-01
45 pos_encoder:
-8.1350551277755978e-01  3.5794257634814070e-01 -2.7512381409912173e-01  1.8343742159847395e-01  7.5733495993586897e-01 -5.7393450298668958e-01
45pos_ideal:
-8.1350092253972994e-01  3.5794040591748111e-01 -2.7511122107707225e-01  1.8340748071804819e-01  7.5729540425516662e-01 -5.7388792353711848e-01
46 pos_encoder:
-7.9279805110623236e-01  3.6977527602772414e-01 -2.9287365276758515e-01  1.9527665558795654e-01  7.7804935933702157e-01 -5.8280268590929651e-01
46pos_ideal:
-7.9279362632962769e-01  3.6977314660896810e-01 -2.9286033211430268e-01  1.9524022140953515e-01  7.7800270046526887e-01 -5.8276247905573375e-01
47 pos_encoder:
-7.7209156774018084e-01  3.8160663804427208e-01 -3.1062056979618413e-01  2.0710592231914751e-01  7.9872609370355840e-01 -5.9168070536706541e-01
47pos_ideal:
-7.7208633011952554e-01  3.8160588730045508e-01 -3.1060944315153316e-01  2.0707296210102213e-01  7.9870999667537101e-01 -5.9163703457434891e-01
48 pos_encoder:
-7.5138410606885364e-01  3.9343933772385559e-01 -3.2837216144856618e-01  2.1894017267948429e-01  8.1943980828589991e-01 -6.0055216713472637e-01
48pos_ideal:
-7.5137903390942329e-01  3.9343862799194196e-01 -3.2835855418876364e-01  2.1890570279250912e-01  8.1941729288547327e-01 -6.0051159009296418e-01
49 pos_encoder:
-7.3067762270280190e-01  4.0527150233822484e-01 -3.4612141578905664e-01  2.3077380008617784e-01  8.4016653442565414e-01 -6.0943018659249526e-01
49pos_ideal:
-7.3067173769932103e-01  4.0527136868342895e-01 -3.4610766522599412e-01  2.3073844348399611e-01  8.4012458909557552e-01 -6.0938614561157944e-01
50 pos_encoder:
-7.0997016103147470e-01  4.1710420201780835e-01 -3.6386920930961497e-01  2.4260929635380107e-01  8.6086929190701655e-01 -6.1830492720521002e-01
50pos_ideal:
-7.0996444148921900e-01  4.1710410937491593e-01 -3.6385677626322460e-01  2.4257118417548310e-01  8.6083188530567756e-01 -6.1826070113019471e-01
51 pos_encoder:
-6.8926204715663020e-01  4.2893690169739174e-01 -3.8162109312598347e-01  2.5443731717770562e-01  8.8157752793886834e-01 -6.2717857486957362e-01
51pos_ideal:
-6.8925714527911675e-01  4.2893685006640303e-01 -3.8160588730045503e-01  2.5440392486697005e-01  8.8153918151577981e-01 -6.2713525664880987e-01
52 pos_encoder:
-6.6855621599409576e-01  4.4077067150740362e-01 -3.9936771799059601e-01  2.6626720686253985e-01  9.0228439433309804e-01 -6.3605440843063987e-01
52pos_ideal:
-6.6854984906901449e-01  4.4076959075789002e-01 -3.9935499833768551e-01  2.6623666555845704e-01  9.0224647772588207e-01 -6.3600981216742514e-01
53 pos_encoder:
-6.4784842822100985e-01  4.5260363871959425e-01 -4.1711843315101876e-01  2.7810394903744950e-01  9.2299331518376104e-01 -6.4493024199170623e-01
53pos_ideal:
-6.4784255285891224e-01  4.5260233144937700e-01 -4.1710410937491599e-01  2.7806940624994403e-01  9.2295377393598432e-01 -6.4488436768604029e-01
54 pos_encoder:
-6.2714064044792384e-01  4.6443607086657068e-01 -4.3486827181948207e-01  2.8993321576864045e-01  9.4370839940372508e-01 -6.5380607555277248e-01
54pos_ideal:
-6.2713525664880998e-01  4.6443507214086388e-01 -4.3485322041214647e-01  2.8990214694143102e-01  9.4366107014608658e-01 -6.5375892320465556e-01
55 pos_encoder:
-6.0643480928538951e-01  4.7626877054615407e-01 -4.5261548101206750e-01  3.0176435136076118e-01  9.6437554630690492e-01 -6.6267972321713609e-01
55pos_ideal:
-6.0642796043870795e-01  4.7626781283235087e-01 -4.5260233144937695e-01  3.0173488763291800e-01  9.6436836635618861e-01 -6.6263347872327083e-01
56 pos_encoder:
-5.8572571710526911e-01  4.8810093516052333e-01 -4.7036531968053097e-01  3.1360670011845981e-01  9.8514747048819828e-01 -6.7155555677820222e-01
56pos_ideal:
-5.8572066422860569e-01  4.8810055352383785e-01 -4.7035144248660743e-01  3.1356762832440499e-01  9.8507566256629087e-01 -6.7150803424188610e-01
57 pos_encoder:
-5.6502021204449338e-01  4.9993363484010683e-01 -4.8811545051298078e-01  3.2543596684965082e-01  1.0058255744923577e+00 -6.8042811149421445e-01
57pos_ideal:
-5.6501336801850344e-01  4.9993329421532484e-01 -4.8810055352383785e-01  3.2540036901589192e-01  1.0057829587763931e+00 -6.8038258976050137e-01
58 pos_encoder:
-5.4431372867844197e-01  5.1176579945447609e-01 -5.0586470485347124e-01  3.3727021720998757e-01  1.0265324408865870e+00 -6.8930285210692943e-01
58pos_ideal:
-5.4430607180840118e-01  5.1176603490681183e-01 -5.0584966456106839e-01  3.3723310970737891e-01  1.0264902549864954e+00 -6.8925714527911652e-01
59 pos_encoder:
-5.2360431039656297e-01  5.2359823160145247e-01 -5.2361308270200246e-01  3.4909823803389212e-01  1.0472399920996278e+00 -6.9817649977129304e-01
59pos_ideal:
-5.2359877559829882e-01  5.2359877559829882e-01 -5.2359877559829882e-01  3.4906585039886590e-01  1.0471975511965976e+00 -6.9813170079773179e-01
60 pos_encoder:
-5.2360822361766612e-01  5.2359635887320277e-01 -5.2360753158625994e-01  3.4908079533188185e-01  1.0472119145283687e+00 -6.9814261837240210e-01
60pos_ideal:
-5.2359877559829882e-01  5.2359877559829882e-01 -5.2359877559829882e-01  3.4906585039886590e-01  1.0471975511965976e+00 -6.9813170079773179e-01
