
-----------------------------Sat May 29 22:15:33 2021
-----------------------------

-----------------------------Sat May 29 22:19:21 2021
-----------------------------

-----------------------------Sat May 29 22:23:48 2021
-----------------------------

-----------------------------Sat May 29 22:25:24 2021
-----------------------------

-----------------------------Sat May 29 22:25:54 2021
-----------------------------

-----------------------------Sat May 29 22:26:30 2021
-----------------------------

-----------------------------Sat May 29 22:26:55 2021
-----------------------------

-----------------------------Sat May 29 22:39:02 2021
-----------------------------

-----------------------------Sat May 29 22:39:31 2021
-----------------------------
P_pos_encoder:
 1.7951957248426060e+00  6.9999960155168595e-01 -3.0000099321689899e-01 -6.9999992686491941e-01 -2.9999926144083461e-01 -1.9999971175631953e-01
P_pos_ideal:
 1.7951958020513104e+00  6.9999999999999996e-01 -2.9999999999999988e-01 -6.9999999999999996e-01 -2.9999999999999999e-01 -2.0000000000000001e-01
1 pos_encoder:
 1.6037270338890655e+00  6.2508458584533211e-01 -1.6747511680168214e-01  5.8479710962340326e-01 -1.0319589451465294e+00 -1.3434247897332332e+00
1pos_ideal:
 1.6037269436698574e+00  6.2508454707659167e-01 -1.6747434732039726e-01  5.8479725904904467e-01 -1.0319596338317569e+00 -1.3434243323349624e+00
2 pos_encoder:
 1.7951957248426060e+00  6.9999960155168595e-01 -3.0000070105291254e-01 -6.9999992686491941e-01 -2.9999994625964582e-01 -1.9999971175631953e-01
2pos_ideal:
 1.7951958020513104e+00  6.9999999999999996e-01 -2.9999999999999999e-01 -6.9999999999999996e-01 -3.0000000000000004e-01 -1.9999999999999996e-01
3 pos_encoder:
 1.9262667829834188e+00  6.6926652577805712e-01 -3.8174175685238509e-01 -2.2314106057256904e+00 -9.5049563864151987e-01  1.1718002030738726e+00
3pos_ideal:
 1.9262667753562199e+00  6.6926643332829938e-01 -3.8174139299436927e-01 -2.2314105517018814e+00 -9.5049597100929029e-01  1.1717995962739229e+00
4 pos_encoder:
 1.7951957248426060e+00  6.9999960155168595e-01 -3.0000040888892610e-01 -6.9999992686491941e-01 -2.9999926144083461e-01 -1.9999971175631953e-01
4pos_ideal:
 1.7951958020513104e+00  6.9999999999999996e-01 -2.9999999999999999e-01 -6.9999999999999996e-01 -2.9999999999999993e-01 -1.9999999999999996e-01
5 pos_encoder:
 1.5821149659393718e+00  6.8887746847656950e-01 -3.7636973763362985e-01  2.1660546701540730e+00 -7.2348779019234966e-01 -2.9559170693360750e+00
5pos_ideal:
 1.5821151428697855e+00  6.8887772859870189e-01 -3.7636964074180745e-01  2.1660547655302169e+00 -7.2348822495027720e-01 -2.9559176488168313e+00
6 pos_encoder:
 1.7951957248426060e+00  6.9999933401907877e-01 -3.0000099321689899e-01 -6.9999992686491941e-01 -2.9999926144083461e-01 -1.9999971175631953e-01
6pos_ideal:
 1.7951958020513104e+00  6.9999999999999996e-01 -2.9999999999999999e-01 -7.0000000000000018e-01 -2.9999999999999999e-01 -2.0000000000000018e-01
7 pos_encoder:
 1.9648817966267029e+00  6.0506779618184359e-01 -1.7382793052293163e-01 -9.5995536741430798e-01 -1.2370279381601228e+00  1.0652967580311853e-02
7pos_ideal:
 1.9648822323344020e+00  6.0506749086981149e-01 -1.7382722464340872e-01 -9.5995621029416367e-01 -1.2370289655439159e+00  1.0650198949068462e-02
8 pos_encoder:
 1.7951957248426060e+00  6.9999933401907877e-01 -2.9999982456095320e-01 -6.9999992686491941e-01 -2.9999857662202345e-01 -2.0000299060137350e-01
8pos_ideal:
 1.7951958020513104e+00  6.9999999999999996e-01 -2.9999999999999999e-01 -6.9999999999999996e-01 -3.0000000000000004e-01 -2.0000000000000001e-01
9 pos_encoder:
 1.7951957248426060e+00  6.9999986908429312e-01 -3.0000040888892610e-01 -6.9999992686491941e-01 -2.9999994625964582e-01  1.0000040235233543e-01
9pos_ideal:
 1.7951958020513104e+00  6.9999999999999996e-01 -2.9999999999999999e-01 -6.9999999999999996e-01 -3.0000000000000004e-01  9.9999999999999700e-02
10 pos_encoder:
 1.7951957248426060e+00  6.9999986908429312e-01 -3.0000040888892610e-01 -6.9999992686491941e-01 -2.9999994625964582e-01 -6.9999953762129408e-01
10pos_ideal:
 1.7951958020513104e+00  6.9999999999999996e-01 -2.9999999999999999e-01 -6.9999999999999996e-01 -3.0000000000000004e-01 -7.0000000000000040e-01
11 pos_encoder:
 1.4951958032011734e+00  6.9999986908429312e-01 -3.0000040888892610e-01 -6.9999930391127607e-01 -2.9999994625964582e-01 -6.9999844467294270e-01
11pos_ideal:
 1.4951958020513105e+00  6.9999999999999996e-01 -2.9999999999999999e-01 -6.9999999999999996e-01 -3.0000000000000004e-01 -7.0000000000000040e-01
12 pos_encoder:
 1.1951968598650167e+00  6.9999986908429312e-01 -3.0000040888892610e-01 -6.9999930391127607e-01 -2.9999994625964582e-01 -6.9999844467294270e-01
12pos_ideal:
 1.1951958020513107e+00  6.9999999999999996e-01 -2.9999999999999999e-01 -6.9999999999999996e-01 -3.0000000000000004e-01 -7.0000000000000040e-01
13 pos_encoder:
 8.9519595991830825e-01  6.9999986908429312e-01 -3.0000099321689899e-01 -6.9999992686491941e-01 -2.9999926144083461e-01 -6.9999953762129408e-01
13pos_ideal:
 8.9519580205131088e-01  6.9999999999999996e-01 -2.9999999999999999e-01 -6.9999999999999996e-01 -3.0000000000000004e-01 -7.0000000000000040e-01
14 pos_encoder:
 5.9519603827687584e-01  6.9999986908429312e-01 -3.0000070105291254e-01 -6.9999992686491941e-01 -2.9999994625964582e-01 -6.9999844467294270e-01
14pos_ideal:
 5.9519580205131106e-01  6.9999999999999996e-01 -2.9999999999999999e-01 -6.9999999999999996e-01 -3.0000000000000004e-01 -7.0000000000000040e-01

-----------------------------Sat May 29 22:47:39 2021
-----------------------------
