
-----------------------------Sat May 29 11:33:56 2021
-----------------------------

-----------------------------Sat May 29 11:34:07 2021
-----------------------------

-----------------------------Sat May 29 11:35:17 2021
-----------------------------
P_pos_encoder:
-2.2439978355454042e+00  7.0000013661690019e-01 -2.0000056475660383e-01  3.0000388436500858e-01 -3.0000747926656907e-01  4.0000926004780096e-01
P_pos_ideal:
-2.2439947525641379e+00  6.9999999999999996e-01 -2.0000000000000001e-01  2.9999999999999999e-01 -2.9999999999999999e-01  4.0000000000000002e-01
1 pos_encoder:
-2.4452525141728794e+00  6.7163766727481589e-01 -2.6862345756471778e-01  2.0603276007796456e+00 -9.3057152014849109e-01 -1.1618390717999458e+00
1pos_ideal:
-2.4452497263566948e+00  6.7164070887329874e-01 -2.6862254665798024e-01  2.0603169220706055e+00 -9.3055420047146120e-01 -1.1618260044580515e+00
2 pos_encoder:
-2.2439916396119903e+00  7.0000040414950726e-01 -1.9999851960869869e-01  2.9999516301400342e-01 -2.9999172843391142e-01  4.0001253889285493e-01
2pos_ideal:
-2.2439947525641379e+00  6.9999999999999996e-01 -2.0000000000000001e-01  3.0000000000000004e-01 -2.9999999999999993e-01  4.0000000000000013e-01
3 pos_encoder:
-1.9964885573758380e+00  6.2089020963116248e-01 -7.9398192792173972e-02 -8.4993801629899302e-01 -1.1251470345180794e+00  1.3787860406918264e+00
3pos_ideal:
-1.9964914123009780e+00  6.2089051738836865e-01 -7.9399966923692541e-02 -8.4993068150169093e-01 -1.1251347146652630e+00  1.3787726067652351e+00
4 pos_encoder:
-2.2439971833418868e+00  6.9999986908429312e-01 -1.9999968826464454e-01  2.9999890073586272e-01 -2.9999652216558986e-01  3.9999505171923383e-01
4pos_ideal:
-2.2439947525641379e+00  6.9999999999999996e-01 -2.0000000000000001e-01  3.0000000000000004e-01 -3.0000000000000004e-01  4.0000000000000002e-01
5 pos_encoder:
-2.0552501376656518e+00  6.9168843357940668e-01 -2.9580756351946091e-01 -2.2987238616443189e+00 -7.3064962531987054e-01  2.8594512619519068e+00
5pos_ideal:
-2.0552504265663236e+00  6.9168801644331845e-01 -2.9580744608489090e-01 -2.2987239426500468e+00 -7.3064956115046154e-01  2.8594502962025481e+00
6 pos_encoder:
-2.2439945745278176e+00  7.0000013661690019e-01 -2.0000027259261741e-01  3.0000014664314917e-01 -2.9999994625964582e-01  4.0000051646099039e-01
6pos_ideal:
-2.2439947525641379e+00  6.9999999999999996e-01 -2.0000000000000001e-01  2.9999999999999982e-01 -2.9999999999999999e-01  3.9999999999999991e-01
7 pos_encoder:
-2.4232579288603437e+00  6.0464482713001289e-01 -5.0698340075756722e-02  7.5080428828445434e-01 -1.2210237225423979e+00  3.6962420293276559e-02
7pos_ideal:
-2.4232584396455175e+00  6.0464356292454335e-01 -5.0698156675239830e-02  7.5080489573823850e-01 -1.2210238150911212e+00  3.6963085630439166e-02
8 pos_encoder:
-2.2439939223243006e+00  6.9999933401907877e-01 -1.9999998042863096e-01  3.0000014664314917e-01 -2.9999720698440108e-01  4.0000379530604435e-01
8pos_ideal:
-2.2439947525641379e+00  6.9999999999999996e-01 -2.0000000000000001e-01  2.9999999999999999e-01 -3.0000000000000004e-01  4.0000000000000002e-01
9 pos_encoder:
-2.2439945745278176e+00  7.0000013661690019e-01 -1.9999968826464454e-01  3.0000014664314917e-01 -3.0000063107845698e-01  1.2000179436082410e+00
9pos_ideal:
-2.2439947525641379e+00  6.9999999999999996e-01 -2.0000000000000001e-01  2.9999999999999999e-01 -3.0000000000000004e-01  1.2000000000000002e+00
10 pos_encoder:
-2.2439945745278176e+00  7.0000013661690019e-01 -2.0000027259261741e-01  3.0000014664314917e-01 -2.9999926144083461e-01 -4.0000816709944964e-01
10pos_ideal:
-2.2439947525641379e+00  6.9999999999999996e-01 -2.0000000000000001e-01  2.9999999999999999e-01 -3.0000000000000004e-01 -3.9999999999999991e-01

-----------------------------Sat May 29 11:56:39 2021
-----------------------------

-----------------------------Sat May 29 11:57:14 2021
-----------------------------
P_pos_encoder:
-2.2439978355454042e+00  7.0000013661690019e-01 -1.9999910393667161e-01  3.0000076959679245e-01 -3.0000473999132427e-01  3.9999505171923383e-01
P_pos_ideal:
-2.2439947525641379e+00  6.9999999999999996e-01 -2.0000000000000001e-01  2.9999999999999993e-01 -3.0000000000000004e-01  4.0000000000000002e-01
1 pos_encoder:
-2.4452531663763963e+00  6.7163793480742306e-01 -2.6862170458079915e-01  2.0603257319187160e+00 -9.3056741123562381e-01 -1.1618368859032431e+00
1pos_ideal:
-2.4452497263566948e+00  6.7164070887329874e-01 -2.6862254665798024e-01  2.0603169220706055e+00 -9.3055420047146120e-01 -1.1618260044580515e+00
2 pos_encoder:
-2.2439922918155077e+00  7.0000067168211444e-01 -1.9999764311673940e-01  2.9999267119943046e-01 -2.9999172843391142e-01  4.0001581773790884e-01
2pos_ideal:
-2.2439947525641379e+00  6.9999999999999996e-01 -2.0000000000000001e-01  3.0000000000000004e-01 -2.9999999999999993e-01  4.0000000000000013e-01
3 pos_encoder:
-1.9964924705969413e+00  6.2089047716376955e-01 -7.9399361448119751e-02 -8.4992991790163130e-01 -1.1251340229606668e+00  1.3787729253116108e+00
3pos_ideal:
-1.9964914123009780e+00  6.2089051738836865e-01 -7.9399966923692541e-02 -8.4993068150169093e-01 -1.1251347146652630e+00  1.3787726067652351e+00
4 pos_encoder:
-2.2439975094436453e+00  7.0000013661690019e-01 -1.9999968826464454e-01  3.0000014664314917e-01 -2.9999515252796743e-01  3.9999395877088251e-01
4pos_ideal:
-2.2439947525641379e+00  6.9999999999999996e-01 -2.0000000000000001e-01  3.0000000000000004e-01 -3.0000000000000004e-01  4.0000000000000002e-01
5 pos_encoder:
-2.0552481810550995e+00  6.9168736344897830e-01 -2.9580727135547447e-01 -2.2987294682271084e+00 -7.3065578868917136e-01  2.8594610984870688e+00
5pos_ideal:
-2.0552504265663236e+00  6.9168801644331845e-01 -2.9580744608489090e-01 -2.2987239426500468e+00 -7.3064956115046154e-01  2.8594502962025481e+00
6 pos_encoder:
-2.2439978355454042e+00  7.0000013661690019e-01 -1.9999822744471227e-01  3.0000513027229503e-01 -2.9999104361510021e-01  3.9998958697747722e-01
6pos_ideal:
-2.2439947525641379e+00  6.9999999999999996e-01 -2.0000000000000001e-01  2.9999999999999982e-01 -2.9999999999999999e-01  3.9999999999999991e-01
7 pos_encoder:
-2.4232585810638607e+00  6.0464375699958439e-01 -5.0697755747783839e-02  7.5080428828445434e-01 -1.2210230377235867e+00  3.6963513241627881e-02
7pos_ideal:
-2.4232584396455175e+00  6.0464356292454335e-01 -5.0698156675239830e-02  7.5080489573823850e-01 -1.2210238150911212e+00  3.6963085630439166e-02
8 pos_encoder:
-2.2439913135102318e+00  7.0000174181254282e-01 -2.0000290206849541e-01  2.9999080233850084e-01 -2.9999104361510021e-01  4.0002893311812476e-01
8pos_ideal:
-2.2439947525641379e+00  6.9999999999999996e-01 -2.0000000000000001e-01  2.9999999999999999e-01 -3.0000000000000004e-01  4.0000000000000002e-01
9 pos_encoder:
-2.2439955528330935e+00  6.9999986908429312e-01 -1.9999910393667161e-01  3.0000014664314917e-01 -3.0000063107845698e-01  1.2000201295049435e+00
9pos_ideal:
-2.2439947525641379e+00  6.9999999999999996e-01 -2.0000000000000001e-01  2.9999999999999999e-01 -3.0000000000000004e-01  1.2000000000000002e+00
10 pos_encoder:
-2.2439949006295765e+00  7.0000013661690019e-01 -1.9999939610065806e-01  3.0000014664314917e-01 -2.9999994625964582e-01 -4.0000816709944964e-01
10pos_ideal:
-2.2439947525641379e+00  6.9999999999999996e-01 -2.0000000000000001e-01  2.9999999999999999e-01 -3.0000000000000004e-01 -3.9999999999999991e-01
11 pos_encoder:
-1.9439930223775923e+00  6.9999986908429312e-01 -1.9999968826464454e-01  3.0000014664314917e-01 -2.9999994625964582e-01 -3.9999942351263906e-01
11pos_ideal:
-1.9439947525641381e+00  6.9999999999999996e-01 -2.0000000000000001e-01  2.9999999999999999e-01 -3.0000000000000004e-01 -3.9999999999999991e-01
12 pos_encoder:
-1.6439924485326427e+00  6.9999986908429312e-01 -1.9999910393667161e-01  3.0000014664314917e-01 -2.9999994625964582e-01 -3.9999942351263906e-01
12pos_ideal:
-1.6439947525641383e+00  6.9999999999999996e-01 -2.0000000000000001e-01  2.9999999999999999e-01 -3.0000000000000004e-01 -3.9999999999999991e-01
13 pos_encoder:
-1.3439928529929686e+00  6.9999986908429312e-01 -1.9999910393667161e-01  3.0000014664314917e-01 -2.9999994625964582e-01 -3.9999942351263906e-01
13pos_ideal:
-1.3439947525641385e+00  6.9999999999999996e-01 -2.0000000000000001e-01  2.9999999999999999e-01 -3.0000000000000004e-01 -3.9999999999999991e-01
14 pos_encoder:
-1.0439929313515359e+00  6.9999986908429312e-01 -1.9999968826464454e-01  3.0000014664314917e-01 -2.9999994625964582e-01 -3.9999942351263906e-01
14pos_ideal:
-1.0439947525641387e+00  6.9999999999999996e-01 -2.0000000000000001e-01  2.9999999999999999e-01 -3.0000000000000004e-01 -3.9999999999999991e-01

-----------------------------Sat May 29 12:38:51 2021
-----------------------------

-----------------------------Sat May 29 12:39:39 2021
-----------------------------

-----------------------------Sat May 29 12:39:45 2021
-----------------------------

-----------------------------Sat May 29 12:50:52 2021
-----------------------------

-----------------------------Sat May 29 13:01:44 2021
-----------------------------

-----------------------------Sat May 29 13:05:26 2021
-----------------------------
P_pos_encoder:
-2.2439952267313350e+00  7.0000013661690019e-01 -2.0000027259261741e-01  3.0000076959679245e-01 -2.9999994625964582e-01  4.0000051646099039e-01
P_pos_ideal:
-2.2439947525641379e+00  6.9999999999999996e-01 -2.0000000000000001e-01  2.9999999999999993e-01 -2.9999999999999999e-01  4.0000000000000002e-01
1 pos_encoder:
-2.4452505575623276e+00  6.7164061013349408e-01 -2.6862287323674489e-01  2.0603170105677111e+00 -9.3055439967821119e-01 -1.1618259564197300e+00
1pos_ideal:
-2.4452497263566948e+00  6.7164070887329874e-01 -2.6862254665798024e-01  2.0603169220706055e+00 -9.3055420047146120e-01 -1.1618260044580515e+00
2 pos_encoder:
-2.2439949006295765e+00  7.0000013661690019e-01 -2.0000027259261741e-01  3.0000014664314917e-01 -2.9999926144083461e-01  4.0000051646099039e-01
2pos_ideal:
-2.2439947525641379e+00  6.9999999999999996e-01 -2.0000000000000001e-01  3.0000000000000004e-01 -2.9999999999999993e-01  4.0000000000000013e-01
3 pos_encoder:
 7.0028552447970674e+02  5.7425285382524544e+02 -6.2734628736312857e+02  1.3377038010436079e+03 -1.4694160457397338e+03 -2.3467710230841626e+03
3pos_ideal:
-1.9964914123009780e+00  6.2089051738836865e-01 -7.9399966923692541e-02 -8.4993068150169093e-01 -1.1251347146652630e+00  1.3787726067652351e+00

-----------------------------Sat May 29 13:17:26 2021
-----------------------------
P_pos_encoder:
-2.2439939223243006e+00  7.0000013661690019e-01 -2.0000027259261741e-01  3.0000014664314917e-01 -2.9999994625964582e-01  4.0000160940934171e-01
P_pos_ideal:
-2.2439947525641379e+00  6.9999999999999996e-01 -2.0000000000000001e-01  3.0000000000000004e-01 -2.9999999999999993e-01  4.0000000000000013e-01
1 pos_encoder:
-2.4452518619693620e+00  6.7164087766610125e-01 -2.6862287323674489e-01  2.0603170105677111e+00 -9.3055303004058887e-01 -1.1618281423164325e+00
1pos_ideal:
-2.4452497263566948e+00  6.7164070887329874e-01 -2.6862254665798024e-01  2.0603169220706055e+00 -9.3055420047146120e-01 -1.1618260044580515e+00
2 pos_encoder:
 7.0028552447970674e+02  5.7425285382524544e+02 -6.2734628736312857e+02  1.3377038010436079e+03 -1.4694160457397338e+03 -2.3467710230841626e+03
2pos_ideal:
-2.2439947525641379e+00  6.9999999999999996e-01 -2.0000000000000001e-01  3.0000000000000004e-01 -2.9999999999999993e-01  4.0000000000000013e-01

-----------------------------Sat May 29 13:24:36 2021
-----------------------------
P_pos_encoder:
-2.2439949006295765e+00  7.0000013661690019e-01 -2.0000027259261741e-01  3.0000076959679245e-01 -2.9999926144083461e-01  4.0000051646099039e-01
P_pos_ideal:
-2.2439947525641379e+00  6.9999999999999996e-01 -2.0000000000000007e-01  3.0000000000000115e-01 -3.0000000000000016e-01  3.9999999999999880e-01
1 pos_encoder:
-2.4452482748500173e+00  6.7164114519870832e-01 -2.6862258107275844e-01  2.0603176335213544e+00 -9.3055371485939986e-01 -1.1618259564197300e+00
1pos_ideal:
-2.4452497263566948e+00  6.7164070887329874e-01 -2.6862254665798024e-01  2.0603169220706055e+00 -9.3055420047146120e-01 -1.1618260044580515e+00
2 pos_encoder:
-2.2439949006295765e+00  7.0000013661690019e-01 -2.0000027259261741e-01  3.0000014664314917e-01 -2.9999994625964582e-01  4.0000051646099039e-01
2pos_ideal:
-2.2439947525641379e+00  6.9999999999999996e-01 -2.0000000000000001e-01  3.0000000000000004e-01 -2.9999999999999993e-01  4.0000000000000013e-01
3 pos_encoder:
-1.9964914922916654e+00  6.2089101222898391e-01 -7.9400237940079096e-02 -8.4993054085527431e-01 -1.1251340229606668e+00  1.3787740182599619e+00
3pos_ideal:
-1.9964914123009780e+00  6.2089051738836865e-01 -7.9399966923692541e-02 -8.4993068150169093e-01 -1.1251347146652630e+00  1.3787726067652351e+00
4 pos_encoder:
-2.2439949006295765e+00  7.0000013661690019e-01 -2.0000027259261741e-01  3.0000014664314917e-01 -3.0000063107845698e-01  4.0000051646099039e-01
4pos_ideal:
-2.2439947525641379e+00  6.9999999999999996e-01 -2.0000000000000001e-01  3.0000000000000004e-01 -3.0000000000000004e-01  4.0000000000000002e-01
5 pos_encoder:
-2.0552507898691688e+00  6.9168843357940668e-01 -2.9580756351946091e-01 -2.2987238616443189e+00 -7.3064825568224812e-01  2.8594501690035554e+00
5pos_ideal:
-2.0552504265663236e+00  6.9168801644331845e-01 -2.9580744608489090e-01 -2.2987239426500468e+00 -7.3064956115046154e-01  2.8594502962025481e+00
6 pos_encoder:
-2.2439942484260591e+00  7.0000013661690019e-01 -1.9999998042863096e-01  3.0000014664314917e-01 -2.9999994625964582e-01  4.0000051646099039e-01
6pos_ideal:
-2.2439947525641379e+00  6.9999999999999996e-01 -2.0000000000000001e-01  2.9999999999999982e-01 -2.9999999999999999e-01  3.9999999999999991e-01
7 pos_encoder:
-2.4232582549621022e+00  6.0464375699958439e-01 -5.0698047911770287e-02  7.5080491123809756e-01 -1.2210230377235867e+00  3.6963513241627881e-02
7pos_ideal:
-2.4232584396455175e+00  6.0464356292454335e-01 -5.0698156675239830e-02  7.5080489573823850e-01 -1.2210238150911212e+00  3.6963085630439166e-02
8 pos_encoder:
-2.2439952267313350e+00  7.0000013661690019e-01 -1.9999968826464454e-01  3.0000076959679245e-01 -2.9999994625964582e-01  4.0000270235769303e-01
8pos_ideal:
-2.2439947525641379e+00  6.9999999999999996e-01 -2.0000000000000001e-01  2.9999999999999999e-01 -3.0000000000000004e-01  4.0000000000000002e-01
9 pos_encoder:
-2.2439949006295765e+00  7.0000013661690019e-01 -1.9999998042863096e-01  3.0000014664314917e-01 -3.0000063107845698e-01  1.2000146647631869e+00
9pos_ideal:
-2.2439947525641379e+00  6.9999999999999996e-01 -2.0000000000000001e-01  2.9999999999999999e-01 -3.0000000000000004e-01  1.2000000000000002e+00
10 pos_encoder:
-2.2439949006295765e+00  7.0000013661690019e-01 -2.0000056475660383e-01  3.0000014664314917e-01 -2.9999926144083461e-01 -3.9999942351263906e-01
10pos_ideal:
-2.2439947525641379e+00  6.9999999999999996e-01 -2.0000000000000001e-01  2.9999999999999999e-01 -3.0000000000000004e-01 -3.9999999999999991e-01
11 pos_encoder:
-1.9439953050899024e+00  7.0000013661690019e-01 -1.9999968826464454e-01  3.0000014664314917e-01 -3.0000063107845698e-01 -3.9999942351263906e-01
11pos_ideal:
-1.9439947525641381e+00  6.9999999999999996e-01 -2.0000000000000001e-01  2.9999999999999999e-01 -3.0000000000000004e-01 -3.9999999999999991e-01
12 pos_encoder:
-1.6439953834484700e+00  7.0000013661690019e-01 -2.0000027259261741e-01  3.0000014664314917e-01 -2.9999926144083461e-01 -3.9999942351263906e-01
12pos_ideal:
-1.6439947525641383e+00  6.9999999999999996e-01 -2.0000000000000001e-01  2.9999999999999999e-01 -3.0000000000000004e-01 -3.9999999999999991e-01
13 pos_encoder:
-1.3439954618070373e+00  7.0000013661690019e-01 -2.0000027259261741e-01  3.0000014664314917e-01 -2.9999994625964582e-01 -3.9999942351263906e-01
13pos_ideal:
-1.3439947525641385e+00  6.9999999999999996e-01 -2.0000000000000001e-01  2.9999999999999999e-01 -3.0000000000000004e-01 -3.9999999999999991e-01
14 pos_encoder:
-1.0439955401656049e+00  7.0000013661690019e-01 -2.0000027259261741e-01  3.0000014664314917e-01 -2.9999994625964582e-01 -3.9999942351263906e-01
14pos_ideal:
-1.0439947525641387e+00  6.9999999999999996e-01 -2.0000000000000001e-01  2.9999999999999999e-01 -3.0000000000000004e-01 -3.9999999999999991e-01

-----------------------------Sat May 29 16:40:34 2021
-----------------------------

-----------------------------Sat May 29 16:41:38 2021
-----------------------------

-----------------------------Sat May 29 16:44:41 2021
-----------------------------
P_pos_encoder:
-2.2439952267313350e+00  7.0000013661690019e-01 -2.0000027259261741e-01  3.0000014664314917e-01 -3.0000063107845698e-01  3.9999942351263906e-01
P_pos_ideal:
-2.2439947525641379e+00  6.9999999999999996e-01 -2.0000000000000001e-01  2.9999999999999999e-01 -2.9999999999999999e-01  4.0000000000000002e-01
1 pos_encoder:
-2.4452486009517762e+00  6.7164114519870832e-01 -2.6862287323674489e-01  2.0603170105677111e+00 -9.3055371485939986e-01 -1.1618270493680813e+00
1pos_ideal:
-2.4452497263566948e+00  6.7164070887329874e-01 -2.6862254665798024e-01  2.0603169220706055e+00 -9.3055420047146120e-01 -1.1618260044580515e+00
2 pos_encoder:
-2.2439929440190247e+00  7.0000013661690019e-01 -2.0000085692059028e-01  3.0000014664314917e-01 -2.9999789180321224e-01  4.0000488825439567e-01
2pos_ideal:
-2.2439947525641379e+00  6.9999999999999996e-01 -2.0000000000000001e-01  3.0000000000000004e-01 -2.9999999999999993e-01  4.0000000000000013e-01
3 pos_encoder:
-1.9964924705969413e+00  6.2089074469637673e-01 -7.9400237940079096e-02 -8.4993054085527431e-01 -1.1251340229606668e+00  1.3787718323632596e+00
3pos_ideal:
-1.9964914123009780e+00  6.2089051738836865e-01 -7.9399966923692541e-02 -8.4993068150169093e-01 -1.1251347146652630e+00  1.3787726067652351e+00
4 pos_encoder:
-2.2439949006295765e+00  7.0000013661690019e-01 -2.0000027259261741e-01  3.0000014664314917e-01 -2.9999994625964582e-01  4.0000051646099039e-01
4pos_ideal:
-2.2439947525641379e+00  6.9999999999999996e-01 -2.0000000000000001e-01  3.0000000000000004e-01 -3.0000000000000004e-01  4.0000000000000002e-01
5 pos_encoder:
-2.0552507898691688e+00  6.9168816604679961e-01 -2.9580814784743381e-01 -2.2987238616443189e+00 -7.3064894050105944e-01  2.8594512619519068e+00
5pos_ideal:
-2.0552504265663236e+00  6.9168801644331845e-01 -2.9580744608489090e-01 -2.2987239426500468e+00 -7.3064956115046154e-01  2.8594502962025481e+00
6 pos_encoder:
-2.2439945745278176e+00  7.0000013661690019e-01 -2.0000027259261741e-01  2.9999952368950600e-01 -2.9999994625964582e-01  3.9999942351263906e-01
6pos_ideal:
-2.2439947525641379e+00  6.9999999999999996e-01 -2.0000000000000001e-01  2.9999999999999982e-01 -2.9999999999999999e-01  3.9999999999999991e-01
7 pos_encoder:
-2.4232582549621022e+00  6.0464375699958439e-01 -5.0698047911770287e-02  7.5080491123809756e-01 -1.2210230377235867e+00  3.6962420293276559e-02
7pos_ideal:
-2.4232584396455175e+00  6.0464356292454335e-01 -5.0698156675239830e-02  7.5080489573823850e-01 -1.2210238150911212e+00  3.6963085630439166e-02
8 pos_encoder:
-2.2439955528330935e+00  7.0000013661690019e-01 -2.0000085692059028e-01  3.0000014664314917e-01 -2.9999994625964582e-01  3.9999942351263906e-01
8pos_ideal:
-2.2439947525641379e+00  6.9999999999999996e-01 -2.0000000000000001e-01  2.9999999999999999e-01 -3.0000000000000004e-01  4.0000000000000002e-01
9 pos_encoder:
-2.2439952267313350e+00  7.0000013661690019e-01 -2.0000027259261741e-01  3.0000014664314917e-01 -3.0000063107845698e-01  1.2000037352796737e+00
9pos_ideal:
-2.2439947525641379e+00  6.9999999999999996e-01 -2.0000000000000001e-01  2.9999999999999999e-01 -3.0000000000000004e-01  1.2000000000000002e+00
10 pos_encoder:
-2.2439949006295765e+00  7.0000013661690019e-01 -2.0000027259261741e-01  3.0000014664314917e-01 -2.9999994625964582e-01 -3.9999942351263906e-01
10pos_ideal:
-2.2439947525641379e+00  6.9999999999999996e-01 -2.0000000000000001e-01  2.9999999999999999e-01 -3.0000000000000004e-01 -3.9999999999999991e-01
11 pos_encoder:
-1.9439953050899024e+00  7.0000013661690019e-01 -1.9999968826464454e-01  3.0000014664314917e-01 -2.9999994625964582e-01 -4.0000051646099039e-01
11pos_ideal:
-1.9439947525641381e+00  6.9999999999999996e-01 -2.0000000000000001e-01  2.9999999999999999e-01 -3.0000000000000004e-01 -3.9999999999999991e-01
12 pos_encoder:
-1.6439953834484700e+00  7.0000013661690019e-01 -1.9999998042863096e-01  3.0000014664314917e-01 -2.9999994625964582e-01 -4.0000051646099039e-01
12pos_ideal:
-1.6439947525641383e+00  6.9999999999999996e-01 -2.0000000000000001e-01  2.9999999999999999e-01 -3.0000000000000004e-01 -3.9999999999999991e-01
13 pos_encoder:
-1.3439954618070373e+00  7.0000013661690019e-01 -2.0000027259261741e-01  3.0000014664314917e-01 -2.9999994625964582e-01 -4.0000051646099039e-01
13pos_ideal:
-1.3439947525641385e+00  6.9999999999999996e-01 -2.0000000000000001e-01  2.9999999999999999e-01 -3.0000000000000004e-01 -3.9999999999999991e-01
14 pos_encoder:
-1.0439958662673634e+00  7.0000013661690019e-01 -2.0000056475660383e-01  3.0000014664314917e-01 -2.9999926144083461e-01 -4.0000051646099039e-01
14pos_ideal:
-1.0439947525641387e+00  6.9999999999999996e-01 -2.0000000000000001e-01  2.9999999999999999e-01 -3.0000000000000004e-01 -3.9999999999999991e-01

-----------------------------Sat May 29 17:03:26 2021
-----------------------------
P_pos_encoder:
-2.2439945745278176e+00  7.0000013661690019e-01 -2.0000085692059028e-01  3.0000076959679245e-01 -2.9999994625964582e-01  4.0000051646099039e-01
P_pos_ideal:
-2.2439947525641379e+00  6.9999999999999996e-01 -2.0000000000000001e-01  2.9999999999999999e-01 -2.9999999999999999e-01  4.0000000000000008e-01
1 pos_encoder:
-2.4452486009517762e+00  6.7164141273131550e-01 -2.6862316540073133e-01  2.0603170105677111e+00 -9.3055439967821119e-01 -1.1618259564197300e+00
1pos_ideal:
-2.4452497263566948e+00  6.7164070887329874e-01 -2.6862254665798024e-01  2.0603169220706055e+00 -9.3055420047146120e-01 -1.1618260044580515e+00
2 pos_encoder:
-2.2439945745278176e+00  7.0000013661690019e-01 -2.0000085692059028e-01  3.0000014664314917e-01 -3.0000063107845698e-01  4.0000160940934171e-01
2pos_ideal:
-2.2439947525641379e+00  6.9999999999999996e-01 -2.0000000000000001e-01  3.0000000000000004e-01 -2.9999999999999993e-01  4.0000000000000013e-01
3 pos_encoder:
-1.9964921444951824e+00  6.2089101222898391e-01 -7.9400822268051979e-02 -8.4993054085527431e-01 -1.1251340229606668e+00  1.3787729253116108e+00
3pos_ideal:
-1.9964914123009780e+00  6.2089051738836865e-01 -7.9399966923692541e-02 -8.4993068150169093e-01 -1.1251347146652630e+00  1.3787726067652351e+00
4 pos_encoder:
-2.2439939223243006e+00  7.0000013661690019e-01 -2.0000027259261741e-01  3.0000014664314917e-01 -3.0000063107845698e-01  4.0000160940934171e-01
4pos_ideal:
-2.2439947525641379e+00  6.9999999999999996e-01 -2.0000000000000001e-01  3.0000000000000004e-01 -3.0000000000000004e-01  4.0000000000000002e-01
5 pos_encoder:
-2.0552504637674103e+00  6.9168843357940668e-01 -2.9580785568344736e-01 -2.2987238616443189e+00 -7.3064962531987054e-01  2.8594512619519068e+00
5pos_ideal:
-2.0552504265663236e+00  6.9168801644331845e-01 -2.9580744608489090e-01 -2.2987239426500468e+00 -7.3064956115046154e-01  2.8594502962025481e+00
6 pos_encoder:
-2.2439942484260591e+00  7.0000013661690019e-01 -1.9999998042863096e-01  3.0000014664314917e-01 -2.9999857662202345e-01  4.0000051646099039e-01
6pos_ideal:
-2.2439947525641379e+00  6.9999999999999996e-01 -2.0000000000000001e-01  2.9999999999999982e-01 -2.9999999999999999e-01  3.9999999999999991e-01
7 pos_encoder:
-2.4232579288603437e+00  6.0464429206479864e-01 -5.0698632239743177e-02  7.5080491123809756e-01 -1.2210230377235867e+00  3.6963513241627881e-02
7pos_ideal:
-2.4232584396455175e+00  6.0464356292454335e-01 -5.0698156675239830e-02  7.5080489573823850e-01 -1.2210238150911212e+00  3.6963085630439166e-02
8 pos_encoder:
-2.2439949006295765e+00  7.0000013661690019e-01 -2.0000027259261741e-01  3.0000014664314917e-01 -2.9999994625964582e-01  4.0000160940934171e-01
8pos_ideal:
-2.2439947525641379e+00  6.9999999999999996e-01 -2.0000000000000001e-01  2.9999999999999999e-01 -3.0000000000000004e-01  4.0000000000000002e-01
9 pos_encoder:
-2.2439945745278176e+00  7.0000013661690019e-01 -2.0000027259261741e-01  3.0000014664314917e-01 -2.9999994625964582e-01  7.0000063056964534e-01
9pos_ideal:
-2.2439947525641379e+00  6.9999999999999996e-01 -2.0000000000000001e-01  2.9999999999999999e-01 -3.0000000000000004e-01  6.9999999999999973e-01
10 pos_encoder:
-2.2439945745278176e+00  7.0000013661690019e-01 -2.0000085692059028e-01  3.0000014664314917e-01 -3.0000063107845698e-01 -9.9998216455632796e-02
10pos_ideal:
-2.2439947525641379e+00  6.9999999999999996e-01 -2.0000000000000001e-01  2.9999999999999999e-01 -3.0000000000000004e-01 -1.0000000000000031e-01
11 pos_encoder:
-1.9439949789881439e+00  7.0000013661690019e-01 -2.0000173341254962e-01  3.0000014664314917e-01 -2.9999926144083461e-01 -9.9998216455632796e-02
11pos_ideal:
-1.9439947525641381e+00  6.9999999999999996e-01 -2.0000000000000001e-01  2.9999999999999999e-01 -3.0000000000000004e-01 -1.0000000000000031e-01
12 pos_encoder:
-1.6439953834484700e+00  7.0000013661690019e-01 -2.0000027259261741e-01  3.0000014664314917e-01 -2.9999994625964582e-01 -9.9998216455632796e-02
12pos_ideal:
-1.6439947525641383e+00  6.9999999999999996e-01 -2.0000000000000001e-01  2.9999999999999999e-01 -3.0000000000000004e-01 -1.0000000000000031e-01
13 pos_encoder:
-1.3439954618070373e+00  7.0000013661690019e-01 -2.0000056475660383e-01  3.0000014664314917e-01 -2.9999994625964582e-01 -1.0000040235233543e-01
13pos_ideal:
-1.3439947525641385e+00  6.9999999999999996e-01 -2.0000000000000001e-01  2.9999999999999999e-01 -3.0000000000000004e-01 -1.0000000000000031e-01
14 pos_encoder:
-1.0439952140638462e+00  7.0000013661690019e-01 -2.0000056475660383e-01  3.0000014664314917e-01 -2.9999994625964582e-01 -9.9998216455632796e-02
14pos_ideal:
-1.0439947525641387e+00  6.9999999999999996e-01 -2.0000000000000001e-01  2.9999999999999999e-01 -3.0000000000000004e-01 -1.0000000000000031e-01

-----------------------------Sat May 29 18:08:43 2021
-----------------------------

-----------------------------Sat May 29 19:53:35 2021
-----------------------------

-----------------------------Sat May 29 19:55:13 2021
-----------------------------
P_pos_encoder:
-2.2439945745278176e+00  7.0000013661690019e-01 -1.9999968826464454e-01  3.0000014664314917e-01 -2.9999857662202345e-01  4.0000051646099039e-01
P_pos_ideal:
-2.2439947525641379e+00  6.9999999999999996e-01 -2.0000000000000001e-01  2.9999999999999999e-01 -2.9999999999999999e-01  4.0000000000000002e-01
1 pos_encoder:
-2.4452486009517762e+00  6.7164141273131550e-01 -2.6862228890877204e-01  2.0603170105677111e+00 -9.3055371485939986e-01 -1.1618259564197300e+00
1pos_ideal:
-2.4452497263566948e+00  6.7164070887329874e-01 -2.6862254665798024e-01  2.0603169220706055e+00 -9.3055420047146120e-01 -1.1618260044580515e+00
2 pos_encoder:
-2.2439945745278176e+00  7.0000013661690019e-01 -2.0000056475660383e-01  3.0000014664314917e-01 -3.0000063107845698e-01  4.0000051646099039e-01
2pos_ideal:
-2.2439947525641379e+00  6.9999999999999996e-01 -2.0000000000000001e-01  3.0000000000000004e-01 -2.9999999999999993e-01  4.0000000000000013e-01
3 pos_encoder:
-1.9964911661899070e+00  6.2089074469637673e-01 -7.9399361448119751e-02 -8.4993054085527431e-01 -1.1251340229606668e+00  1.3787729253116108e+00
3pos_ideal:
-1.9964914123009780e+00  6.2089051738836865e-01 -7.9399966923692541e-02 -8.4993068150169093e-01 -1.1251347146652630e+00  1.3787726067652351e+00
4 pos_encoder:
-2.2439942484260591e+00  6.9999986908429312e-01 -2.0000056475660383e-01  2.9999952368950600e-01 -3.0000063107845698e-01  4.0000160940934171e-01
4pos_ideal:
-2.2439947525641379e+00  6.9999999999999996e-01 -2.0000000000000001e-01  3.0000000000000004e-01 -3.0000000000000004e-01  4.0000000000000002e-01
5 pos_encoder:
-2.0552507898691688e+00  6.9168870111201375e-01 -2.9580697919148802e-01 -2.2987238616443189e+00 -7.3064825568224812e-01  2.8594512619519068e+00
5pos_ideal:
-2.0552504265663236e+00  6.9168801644331845e-01 -2.9580744608489090e-01 -2.2987239426500468e+00 -7.3064956115046154e-01  2.8594502962025481e+00
6 pos_encoder:
-2.2439945745278176e+00  7.0000013661690019e-01 -2.0000027259261741e-01  3.0000014664314917e-01 -2.9999926144083461e-01  4.0000051646099039e-01
6pos_ideal:
-2.2439947525641379e+00  6.9999999999999996e-01 -2.0000000000000001e-01  2.9999999999999982e-01 -2.9999999999999999e-01  3.9999999999999991e-01
7 pos_encoder:
-2.4232582549621022e+00  6.0464348946697732e-01 -5.0699216567716074e-02  7.5080491123809756e-01 -1.2210230377235867e+00  3.6963513241627881e-02
7pos_ideal:
-2.4232584396455175e+00  6.0464356292454335e-01 -5.0698156675239830e-02  7.5080489573823850e-01 -1.2210238150911212e+00  3.6963085630439166e-02
8 pos_encoder:
-2.2439945745278176e+00  7.0000013661690019e-01 -2.0000027259261741e-01  3.0000014664314917e-01 -2.9999994625964582e-01  4.0000051646099039e-01
8pos_ideal:
-2.2439947525641379e+00  6.9999999999999996e-01 -2.0000000000000001e-01  2.9999999999999999e-01 -3.0000000000000004e-01  4.0000000000000002e-01
9 pos_encoder:
-2.2439945745278176e+00  7.0000013661690019e-01 -1.9999998042863096e-01  3.0000014664314917e-01 -2.9999994625964582e-01  6.9999953762129408e-01
9pos_ideal:
-2.2439947525641379e+00  6.9999999999999996e-01 -2.0000000000000001e-01  2.9999999999999999e-01 -3.0000000000000004e-01  6.9999999999999973e-01
10 pos_encoder:
-2.2439945745278176e+00  7.0000013661690019e-01 -1.9999939610065806e-01  3.0000014664314917e-01 -2.9999994625964582e-01 -9.9999309403984105e-02
10pos_ideal:
-2.2439947525641379e+00  6.9999999999999996e-01 -2.0000000000000001e-01  2.9999999999999999e-01 -3.0000000000000004e-01 -1.0000000000000031e-01
11 pos_encoder:
-1.9439953050899024e+00  7.0000013661690019e-01 -2.0000027259261741e-01  3.0000014664314917e-01 -2.9999994625964582e-01 -9.9999309403984105e-02
11pos_ideal:
-1.9439947525641381e+00  6.9999999999999996e-01 -2.0000000000000001e-01  2.9999999999999999e-01 -3.0000000000000004e-01 -1.0000000000000031e-01
12 pos_encoder:
-1.6439950573467113e+00  7.0000013661690019e-01 -1.9999968826464454e-01  3.0000076959679245e-01 -2.9999994625964582e-01 -9.9998216455632796e-02
12pos_ideal:
-1.6439947525641383e+00  6.9999999999999996e-01 -2.0000000000000001e-01  2.9999999999999999e-01 -3.0000000000000004e-01 -1.0000000000000031e-01
13 pos_encoder:
-1.3439951357052786e+00  7.0000013661690019e-01 -2.0000027259261741e-01  3.0000014664314917e-01 -2.9999926144083461e-01 -9.9998216455632796e-02
13pos_ideal:
-1.3439947525641385e+00  6.9999999999999996e-01 -2.0000000000000001e-01  2.9999999999999999e-01 -3.0000000000000004e-01 -1.0000000000000031e-01
14 pos_encoder:
-1.0439952140638462e+00  7.0000013661690019e-01 -2.0000027259261741e-01  3.0000014664314917e-01 -2.9999994625964582e-01 -9.9999309403984105e-02
14pos_ideal:
-1.0439947525641387e+00  6.9999999999999996e-01 -2.0000000000000001e-01  2.9999999999999999e-01 -3.0000000000000004e-01 -1.0000000000000031e-01

-----------------------------Sat May 29 20:35:32 2021
-----------------------------
